1.029326438903808594e+00 1.030036211013793945e+00 1.033927798271179199e+00 1.037648558616638184e+00 1.036881923675537109e+00 1.037485718727111816e+00 1.039638876914978027e+00 1.039989113807678223e+00 1.040137171745300293e+00 1.040896177291870117e+00 1.040715575218200684e+00 1.041387796401977539e+00 1.043648719787597656e+00 1.039253830909729004e+00 1.040169954299926758e+00 1.040911912918090820e+00 1.041647434234619141e+00 1.042544722557067871e+00 1.040562391281127930e+00 1.040536522865295410e+00 1.042798995971679688e+00 1.044689774513244629e+00 1.044794917106628418e+00 1.044492959976196289e+00 1.044771909713745117e+00 1.048496246337890625e+00 1.049830436706542969e+00 1.048377633094787598e+00 1.047642827033996582e+00 1.049137115478515625e+00 1.047890901565551758e+00 1.046382069587707520e+00 1.037530541419982910e+00 1.025645732879638672e+00 1.001704216003417969e+00 9.932360649108886719e-01 9.890608787536621094e-01 9.882680177688598633e-01 9.836689233779907227e-01 9.796938300132751465e-01 9.792615175247192383e-01 9.772886633872985840e-01 9.761519432067871094e-01 9.759429693222045898e-01 9.758934378623962402e-01 9.752766489982604980e-01 9.737687110900878906e-01 9.716355204582214355e-01 9.696857333183288574e-01 9.684750437736511230e-01 9.727209806442260742e-01 9.747943878173828125e-01 9.763466119766235352e-01 9.772251248359680176e-01 9.791765809059143066e-01 9.821917414665222168e-01 9.853267073631286621e-01 9.900512695312500000e-01 9.942417144775390625e-01 9.951728582382202148e-01 9.979407787322998047e-01 1.000650882720947266e+00 1.003144383430480957e+00 1.006889581680297852e+00 1.009363889694213867e+00 1.010826706886291504e+00 1.012547612190246582e+00 1.018031477928161621e+00 1.018978357315063477e+00 1.017334103584289551e+00 1.012618303298950195e+00 1.007581830024719238e+00 1.001612067222595215e+00 9.977964758872985840e-01 9.909885525703430176e-01 9.879562258720397949e-01 9.857159852981567383e-01 9.822729825973510742e-01 9.790744185447692871e-01 9.717302322387695312e-01 9.703807830810546875e-01 9.679195284843444824e-01 9.652206897735595703e-01 9.642378687858581543e-01 9.627300500869750977e-01 9.623323082923889160e-01 9.583108425140380859e-01 9.611041545867919922e-01 9.620539546012878418e-01 9.613557457923889160e-01 9.604659080505371094e-01 9.593846797943115234e-01 9.612561464309692383e-01 9.616268873214721680e-01 9.588925242424011230e-01 9.562234282493591309e-01 9.566798806190490723e-01 9.554663896560668945e-01 9.515724778175354004e-01
1.030036211013793945e+00 1.025350213050842285e+00 1.024500250816345215e+00 1.030863881111145020e+00 1.034896850585937500e+00 1.038363575935363770e+00 1.040262460708618164e+00 1.040018916130065918e+00 1.039323091506958008e+00 1.039936184883117676e+00 1.039243936538696289e+00 1.039923906326293945e+00 1.041568160057067871e+00 1.036982774734497070e+00 1.037792682647705078e+00 1.037885189056396484e+00 1.039889454841613770e+00 1.040309906005859375e+00 1.039210319519042969e+00 1.039291501045227051e+00 1.041506886482238770e+00 1.042981386184692383e+00 1.043159484863281250e+00 1.043503999710083008e+00 1.044603466987609863e+00 1.046562433242797852e+00 1.046687722206115723e+00 1.046103000640869141e+00 1.045663952827453613e+00 1.047291398048400879e+00 1.044713497161865234e+00 1.043356299400329590e+00 1.035782217979431152e+00 1.023876309394836426e+00 1.001247882843017578e+00 9.920182228088378906e-01 9.878032207489013672e-01 9.875511527061462402e-01 9.834252595901489258e-01 9.804334640502929688e-01 9.779835939407348633e-01 9.753326773643493652e-01 9.740258455276489258e-01 9.731782078742980957e-01 9.724969863891601562e-01 9.715758562088012695e-01 9.692130088806152344e-01 9.676450490951538086e-01 9.660874009132385254e-01 9.663055539131164551e-01 9.701214432716369629e-01 9.726529121398925781e-01 9.747034907341003418e-01 9.749514460563659668e-01 9.767636060714721680e-01 9.796234369277954102e-01 9.836203455924987793e-01 9.873415231704711914e-01 9.894440174102783203e-01 9.924535751342773438e-01 9.950311779975891113e-01 9.977384209632873535e-01 1.000517368316650391e+00 1.002909779548645020e+00 1.004844069480895996e+00 1.007392883300781250e+00 1.009693145751953125e+00 1.015242815017700195e+00 1.016243815422058105e+00 1.014833569526672363e+00 1.011207580566406250e+00 1.005540132522583008e+00 9.982680678367614746e-01 9.941312074661254883e-01 9.890759587287902832e-01 9.860832095146179199e-01 9.828745722770690918e-01 9.786835908889770508e-01 9.755858778953552246e-01 9.697569608688354492e-01 9.696166515350341797e-01 9.661899209022521973e-01 9.624660611152648926e-01 9.610959291458129883e-01 9.599075317382812500e-01 9.589148759841918945e-01 9.565411210060119629e-01 9.589905738830566406e-01 9.599890708923339844e-01 9.598158001899719238e-01 9.590029716491699219e-01 9.568638205528259277e-01 9.580253362655639648e-01 9.567335247993469238e-01 9.540619850158691406e-01 9.519114494323730469e-01 9.530557990074157715e-01 9.526156783103942871e-01 9.517019987106323242e-01
1.033927798271179199e+00 1.024500250816345215e+00 1.018266797065734863e+00 1.025586247444152832e+00 1.033077120780944824e+00 1.038603901863098145e+00 1.041296124458312988e+00 1.040087461471557617e+00 1.039203047752380371e+00 1.039758682250976562e+00 1.038437485694885254e+00 1.038991689682006836e+00 1.040462255477905273e+00 1.035686254501342773e+00 1.035901308059692383e+00 1.036551475524902344e+00 1.038541913032531738e+00 1.039695382118225098e+00 1.038683176040649414e+00 1.039034843444824219e+00 1.041283130645751953e+00 1.041969180107116699e+00 1.042073130607604980e+00 1.043114900588989258e+00 1.044357776641845703e+00 1.045814275741577148e+00 1.045795917510986328e+00 1.045510053634643555e+00 1.045841455459594727e+00 1.046936154365539551e+00 1.043716073036193848e+00 1.042941093444824219e+00 1.035283803939819336e+00 1.023079037666320801e+00 1.000295042991638184e+00 9.915856719017028809e-01 9.875643253326416016e-01 9.874612092971801758e-01 9.836669564247131348e-01 9.807888269424438477e-01 9.791485071182250977e-01 9.764552116394042969e-01 9.743675589561462402e-01 9.733470082283020020e-01 9.731870293617248535e-01 9.719048738479614258e-01 9.702023267745971680e-01 9.681720733642578125e-01 9.675687551498413086e-01 9.681201577186584473e-01 9.721356034278869629e-01 9.751315116882324219e-01 9.771166443824768066e-01 9.770398736000061035e-01 9.788659811019897461e-01 9.828246235847473145e-01 9.860407710075378418e-01 9.887638092041015625e-01 9.901951551437377930e-01 9.936606884002685547e-01 9.968910217285156250e-01 9.997211694717407227e-01 1.003034114837646484e+00 1.005702614784240723e+00 1.007627367973327637e+00 1.008574008941650391e+00 1.011904597282409668e+00 1.018942117691040039e+00 1.019530296325683594e+00 1.018221497535705566e+00 1.014894723892211914e+00 1.008561968803405762e+00 9.995992183685302734e-01 9.954033493995666504e-01 9.911089539527893066e-01 9.880281686782836914e-01 9.844830036163330078e-01 9.793833494186401367e-01 9.774634242057800293e-01 9.728830456733703613e-01 9.723741412162780762e-01 9.687857627868652344e-01 9.648768901824951172e-01 9.630806446075439453e-01 9.619686603546142578e-01 9.608469009399414062e-01 9.581203460693359375e-01 9.607943296432495117e-01 9.615049362182617188e-01 9.615827798843383789e-01 9.608058929443359375e-01 9.581906199455261230e-01 9.571980834007263184e-01 9.553517699241638184e-01 9.545195698738098145e-01 9.534028768539428711e-01 9.543020725250244141e-01 9.541439414024353027e-01 9.536473751068115234e-01
1.037648558616638184e+00 1.030863881111145020e+00 1.025586247444152832e+00 1.025864839553833008e+00 1.028658032417297363e+00 1.034685373306274414e+00 1.039686799049377441e+00 1.039123058319091797e+00 1.037933230400085449e+00 1.037987470626831055e+00 1.036868453025817871e+00 1.037245869636535645e+00 1.039079666137695312e+00 1.033939361572265625e+00 1.034368991851806641e+00 1.035241246223449707e+00 1.036735296249389648e+00 1.037915825843811035e+00 1.037619829177856445e+00 1.038837194442749023e+00 1.040868878364562988e+00 1.041539907455444336e+00 1.041615605354309082e+00 1.042659044265747070e+00 1.043395042419433594e+00 1.044710993766784668e+00 1.044521808624267578e+00 1.044074535369873047e+00 1.044381976127624512e+00 1.045452833175659180e+00 1.042347550392150879e+00 1.041032552719116211e+00 1.032960534095764160e+00 1.021471500396728516e+00 9.992648363113403320e-01 9.908314347267150879e-01 9.875862598419189453e-01 9.870275855064392090e-01 9.837298393249511719e-01 9.809907078742980957e-01 9.798054695129394531e-01 9.772186279296875000e-01 9.747861027717590332e-01 9.733346104621887207e-01 9.730884432792663574e-01 9.725424051284790039e-01 9.705936908721923828e-01 9.694254398345947266e-01 9.688817262649536133e-01 9.683430790901184082e-01 9.731112718582153320e-01 9.760063290596008301e-01 9.776942133903503418e-01 9.794312119483947754e-01 9.812520742416381836e-01 9.847467541694641113e-01 9.869089126586914062e-01 9.890580773353576660e-01 9.921277761459350586e-01 9.950041770935058594e-01 9.980825185775756836e-01 1.001365423202514648e+00 1.004467010498046875e+00 1.007861614227294922e+00 1.010218501091003418e+00 1.012620806694030762e+00 1.014359712600708008e+00 1.019793748855590820e+00 1.020649313926696777e+00 1.020017981529235840e+00 1.016292929649353027e+00 1.010164499282836914e+00 1.001126408576965332e+00 9.963594079017639160e-01 9.903520941734313965e-01 9.876955151557922363e-01 9.843586683273315430e-01 9.801095128059387207e-01 9.792639613151550293e-01 9.732210636138916016e-01 9.727923870086669922e-01 9.713193178176879883e-01 9.674344658851623535e-01 9.659290313720703125e-01 9.639546275138854980e-01 9.626532196998596191e-01 9.602646231651306152e-01 9.611986279487609863e-01 9.615817070007324219e-01 9.613555669784545898e-01 9.614096879959106445e-01 9.590483903884887695e-01 9.575634002685546875e-01 9.563628435134887695e-01 9.562007784843444824e-01 9.561001658439636230e-01 9.576585292816162109e-01 9.564452171325683594e-01 9.546678066253662109e-01
1.036881923675537109e+00 1.034896850585937500e+00 1.033077120780944824e+00 1.028658032417297363e+00 1.028768897056579590e+00 1.032460212707519531e+00 1.038523077964782715e+00 1.039649605751037598e+00 1.037974834442138672e+00 1.037049055099487305e+00 1.036625862121582031e+00 1.037164449691772461e+00 1.038959980010986328e+00 1.033153176307678223e+00 1.033771753311157227e+00 1.034504413604736328e+00 1.035995960235595703e+00 1.037009477615356445e+00 1.036846637725830078e+00 1.038048744201660156e+00 1.040853738784790039e+00 1.041674733161926270e+00 1.041308522224426270e+00 1.042391180992126465e+00 1.043085694313049316e+00 1.044234991073608398e+00 1.043664216995239258e+00 1.043219208717346191e+00 1.043758988380432129e+00 1.045018196105957031e+00 1.042337894439697266e+00 1.041227459907531738e+00 1.032572388648986816e+00 1.020931959152221680e+00 9.988818764686584473e-01 9.906658530235290527e-01 9.864356517791748047e-01 9.868165254592895508e-01 9.843952655792236328e-01 9.816727042198181152e-01 9.799160957336425781e-01 9.780347943305969238e-01 9.759092330932617188e-01 9.745675325393676758e-01 9.736060500144958496e-01 9.736245274543762207e-01 9.724628925323486328e-01 9.722175002098083496e-01 9.718104004859924316e-01 9.717569947242736816e-01 9.769412875175476074e-01 9.790552854537963867e-01 9.801345467567443848e-01 9.823613762855529785e-01 9.845318198204040527e-01 9.863376021385192871e-01 9.879846572875976562e-01 9.905638098716735840e-01 9.944813251495361328e-01 9.976909756660461426e-01 1.001383066177368164e+00 1.004383087158203125e+00 1.007609963417053223e+00 1.011103630065917969e+00 1.012997031211853027e+00 1.015027999877929688e+00 1.016829609870910645e+00 1.021964907646179199e+00 1.023193597793579102e+00 1.022066354751586914e+00 1.016088962554931641e+00 1.011228919029235840e+00 1.004645347595214844e+00 1.000296354293823242e+00 9.931452870368957520e-01 9.905358552932739258e-01 9.873859286308288574e-01 9.844278693199157715e-01 9.822251200675964355e-01 9.752011895179748535e-01 9.747666716575622559e-01 9.738590717315673828e-01 9.699609279632568359e-01 9.689202904701232910e-01 9.671759605407714844e-01 9.650684595108032227e-01 9.631086587905883789e-01 9.637590050697326660e-01 9.616950750350952148e-01 9.616137742996215820e-01 9.629051089286804199e-01 9.619188904762268066e-01 9.613763093948364258e-01 9.586148858070373535e-01 9.582803249359130859e-01 9.583644270896911621e-01 9.602434039115905762e-01 9.598075747489929199e-01 9.579979181289672852e-01
1.037485718727111816e+00 1.038363575935363770e+00 1.038603901863098145e+00 1.034685373306274414e+00 1.032460212707519531e+00 1.028429269790649414e+00 1.032944798469543457e+00 1.035957694053649902e+00 1.035928606986999512e+00 1.035538911819458008e+00 1.035714030265808105e+00 1.036676168441772461e+00 1.038774847984313965e+00 1.032704949378967285e+00 1.033458828926086426e+00 1.034067630767822266e+00 1.035461902618408203e+00 1.036477327346801758e+00 1.036484122276306152e+00 1.037875652313232422e+00 1.039925336837768555e+00 1.040629982948303223e+00 1.040658235549926758e+00 1.042074322700500488e+00 1.043803334236145020e+00 1.044906258583068848e+00 1.044186115264892578e+00 1.043577313423156738e+00 1.043932914733886719e+00 1.045295715332031250e+00 1.042849898338317871e+00 1.041748642921447754e+00 1.032684683799743652e+00 1.019942402839660645e+00 9.979346394538879395e-01 9.894271492958068848e-01 9.863720536231994629e-01 9.872210025787353516e-01 9.848326444625854492e-01 9.814013838768005371e-01 9.795747995376586914e-01 9.785042405128479004e-01 9.767354130744934082e-01 9.757999181747436523e-01 9.748128652572631836e-01 9.743906855583190918e-01 9.738647937774658203e-01 9.738324284553527832e-01 9.731016755104064941e-01 9.745607972145080566e-01 9.792206287384033203e-01 9.804335236549377441e-01 9.821981787681579590e-01 9.847435951232910156e-01 9.873769283294677734e-01 9.889590144157409668e-01 9.909435510635375977e-01 9.928374290466308594e-01 9.966048002243041992e-01 9.999471306800842285e-01 1.003383040428161621e+00 1.005661487579345703e+00 1.008661866188049316e+00 1.012284517288208008e+00 1.014389514923095703e+00 1.016640186309814453e+00 1.018991351127624512e+00 1.023875713348388672e+00 1.024859309196472168e+00 1.021593451499938965e+00 1.016932964324951172e+00 1.012613177299499512e+00 1.007239937782287598e+00 1.002417922019958496e+00 9.960463047027587891e-01 9.934659600257873535e-01 9.908165931701660156e-01 9.867112636566162109e-01 9.845977425575256348e-01 9.777854084968566895e-01 9.778313040733337402e-01 9.760427474975585938e-01 9.713965058326721191e-01 9.701436758041381836e-01 9.703530073165893555e-01 9.679120779037475586e-01 9.656779170036315918e-01 9.665291905403137207e-01 9.646772146224975586e-01 9.639442563056945801e-01 9.645783901214599609e-01 9.644156098365783691e-01 9.627966880798339844e-01 9.596155881881713867e-01 9.595793485641479492e-01 9.597640037536621094e-01 9.605884552001953125e-01 9.601805806159973145e-01 9.582540988922119141e-01
1.039638876914978027e+00 1.040262460708618164e+00 1.041296124458312988e+00 1.039686799049377441e+00 1.038523077964782715e+00 1.032944798469543457e+00 1.031982541084289551e+00 1.031135678291320801e+00 1.032883644104003906e+00 1.033915758132934570e+00 1.034646630287170410e+00 1.035891652107238770e+00 1.038148522377014160e+00 1.032606363296508789e+00 1.033047795295715332e+00 1.033307790756225586e+00 1.034536123275756836e+00 1.035166025161743164e+00 1.035896897315979004e+00 1.037560105323791504e+00 1.038997769355773926e+00 1.039658784866333008e+00 1.040027618408203125e+00 1.041532158851623535e+00 1.043042182922363281e+00 1.045296549797058105e+00 1.044846177101135254e+00 1.043774485588073730e+00 1.044262647628784180e+00 1.045281529426574707e+00 1.042616009712219238e+00 1.041401863098144531e+00 1.032265186309814453e+00 1.018945932388305664e+00 9.971741437911987305e-01 9.888154864311218262e-01 9.851002097129821777e-01 9.863084554672241211e-01 9.831931591033935547e-01 9.796754717826843262e-01 9.785381555557250977e-01 9.777882099151611328e-01 9.772239327430725098e-01 9.770044088363647461e-01 9.758799076080322266e-01 9.748029708862304688e-01 9.746111631393432617e-01 9.746704101562500000e-01 9.738312959671020508e-01 9.755551218986511230e-01 9.806249141693115234e-01 9.820614457130432129e-01 9.846154451370239258e-01 9.871293306350708008e-01 9.881368279457092285e-01 9.906170964241027832e-01 9.941378831863403320e-01 9.960926771163940430e-01 9.981576204299926758e-01 1.000438928604125977e+00 1.004204154014587402e+00 1.007222533226013184e+00 1.010284781455993652e+00 1.013944983482360840e+00 1.016318321228027344e+00 1.018644928932189941e+00 1.021277308464050293e+00 1.027286410331726074e+00 1.025641322135925293e+00 1.022852063179016113e+00 1.018020749092102051e+00 1.013392686843872070e+00 1.007499098777770996e+00 1.002677321434020996e+00 9.974026679992675781e-01 9.947280883789062500e-01 9.927542209625244141e-01 9.876616597175598145e-01 9.861752390861511230e-01 9.806860089302062988e-01 9.802905321121215820e-01 9.771606326103210449e-01 9.734188914299011230e-01 9.724316596984863281e-01 9.716892242431640625e-01 9.695106148719787598e-01 9.669757485389709473e-01 9.670859575271606445e-01 9.657976031303405762e-01 9.659834504127502441e-01 9.668867588043212891e-01 9.656726121902465820e-01 9.630250334739685059e-01 9.612530469894409180e-01 9.608502388000488281e-01 9.600536823272705078e-01 9.605624079704284668e-01 9.594305753707885742e-01 9.576608538627624512e-01
1.039989113807678223e+00 1.040018916130065918e+00 1.040087461471557617e+00 1.039123058319091797e+00 1.039649605751037598e+00 1.035957694053649902e+00 1.031135678291320801e+00 1.024849891662597656e+00 1.025244951248168945e+00 1.029443383216857910e+00 1.031739950180053711e+00 1.032745838165283203e+00 1.034735679626464844e+00 1.030420541763305664e+00 1.030516743659973145e+00 1.031216859817504883e+00 1.032882452011108398e+00 1.034203410148620605e+00 1.034411907196044922e+00 1.036064028739929199e+00 1.038157343864440918e+00 1.038899779319763184e+00 1.039567351341247559e+00 1.041115641593933105e+00 1.042515993118286133e+00 1.043981194496154785e+00 1.043926715850830078e+00 1.042765378952026367e+00 1.043638825416564941e+00 1.044847846031188965e+00 1.041973829269409180e+00 1.040365338325500488e+00 1.031133532524108887e+00 1.018386125564575195e+00 9.971004724502563477e-01 9.884463548660278320e-01 9.838511943817138672e-01 9.840976595878601074e-01 9.809500575065612793e-01 9.779176115989685059e-01 9.773530364036560059e-01 9.765600562095642090e-01 9.761370420455932617e-01 9.761980772018432617e-01 9.753770232200622559e-01 9.749661087989807129e-01 9.752756953239440918e-01 9.750121831893920898e-01 9.749069213867187500e-01 9.762642979621887207e-01 9.814553856849670410e-01 9.834622144699096680e-01 9.853838682174682617e-01 9.866228103637695312e-01 9.881844520568847656e-01 9.913589358329772949e-01 9.940231442451477051e-01 9.962158203125000000e-01 9.978533387184143066e-01 1.000720024108886719e+00 1.004123091697692871e+00 1.007539510726928711e+00 1.010727405548095703e+00 1.014514803886413574e+00 1.016828298568725586e+00 1.018992781639099121e+00 1.022737979888916016e+00 1.027549982070922852e+00 1.026378989219665527e+00 1.024554729461669922e+00 1.020057320594787598e+00 1.015601992607116699e+00 1.007852554321289062e+00 1.004016757011413574e+00 9.997596740722656250e-01 9.961205720901489258e-01 9.927365183830261230e-01 9.886269569396972656e-01 9.875837564468383789e-01 9.824891686439514160e-01 9.816515445709228516e-01 9.778959751129150391e-01 9.741884469985961914e-01 9.735698699951171875e-01 9.725851416587829590e-01 9.712834358215332031e-01 9.693824648857116699e-01 9.687722921371459961e-01 9.665511846542358398e-01 9.664384722709655762e-01 9.673631787300109863e-01 9.652789831161499023e-01 9.636440873146057129e-01 9.617937207221984863e-01 9.610219001770019531e-01 9.602037072181701660e-01 9.599924087524414062e-01 9.590460062026977539e-01 9.577215909957885742e-01
1.040137171745300293e+00 1.039323091506958008e+00 1.039203047752380371e+00 1.037933230400085449e+00 1.037974834442138672e+00 1.035928606986999512e+00 1.032883644104003906e+00 1.025244951248168945e+00 1.017603278160095215e+00 1.022432684898376465e+00 1.028576970100402832e+00 1.031052470207214355e+00 1.033272981643676758e+00 1.029782295227050781e+00 1.029862999916076660e+00 1.030044317245483398e+00 1.031946539878845215e+00 1.034377813339233398e+00 1.034408330917358398e+00 1.035502076148986816e+00 1.037615656852722168e+00 1.038113713264465332e+00 1.038673639297485352e+00 1.040846943855285645e+00 1.042143225669860840e+00 1.043029785156250000e+00 1.043646335601806641e+00 1.043053507804870605e+00 1.043772339820861816e+00 1.044296741485595703e+00 1.041311740875244141e+00 1.039405107498168945e+00 1.030394673347473145e+00 1.018910288810729980e+00 9.961234331130981445e-01 9.875758290290832520e-01 9.825223088264465332e-01 9.819545745849609375e-01 9.793202280998229980e-01 9.763975739479064941e-01 9.756051898002624512e-01 9.750962853431701660e-01 9.754260778427124023e-01 9.755091667175292969e-01 9.752640128135681152e-01 9.750685691833496094e-01 9.751164317131042480e-01 9.743784070014953613e-01 9.748998880386352539e-01 9.761866331100463867e-01 9.811571240425109863e-01 9.832439422607421875e-01 9.849740266799926758e-01 9.864865541458129883e-01 9.886961579322814941e-01 9.912649989128112793e-01 9.933839440345764160e-01 9.961192607879638672e-01 9.980686306953430176e-01 1.000597715377807617e+00 1.003759384155273438e+00 1.007558703422546387e+00 1.010520935058593750e+00 1.014700293540954590e+00 1.016901850700378418e+00 1.019198536872863770e+00 1.021751523017883301e+00 1.028155207633972168e+00 1.027586817741394043e+00 1.025069594383239746e+00 1.021615743637084961e+00 1.016316533088684082e+00 1.009033441543579102e+00 1.004795074462890625e+00 1.000388741493225098e+00 9.971423149108886719e-01 9.942104220390319824e-01 9.921333789825439453e-01 9.911794066429138184e-01 9.849331974983215332e-01 9.826487898826599121e-01 9.792867898941040039e-01 9.757934808731079102e-01 9.744040966033935547e-01 9.731845259666442871e-01 9.714827537536621094e-01 9.700551033020019531e-01 9.706575870513916016e-01 9.673991799354553223e-01 9.671490192413330078e-01 9.682021141052246094e-01 9.657313227653503418e-01 9.648997187614440918e-01 9.620226025581359863e-01 9.605893492698669434e-01 9.601470232009887695e-01 9.607753157615661621e-01 9.607985019683837891e-01 9.591873884201049805e-01
1.040896177291870117e+00 1.039936184883117676e+00 1.039758682250976562e+00 1.037987470626831055e+00 1.037049055099487305e+00 1.035538911819458008e+00 1.033915758132934570e+00 1.029443383216857910e+00 1.022432684898376465e+00 1.021383762359619141e+00 1.026040315628051758e+00 1.030349493026733398e+00 1.034334540367126465e+00 1.031686663627624512e+00 1.031252384185791016e+00 1.030539393424987793e+00 1.032528519630432129e+00 1.034804224967956543e+00 1.034337401390075684e+00 1.035246014595031738e+00 1.037032842636108398e+00 1.037737846374511719e+00 1.038301825523376465e+00 1.040670871734619141e+00 1.042043328285217285e+00 1.043288946151733398e+00 1.043495535850524902e+00 1.043439507484436035e+00 1.043491482734680176e+00 1.043763160705566406e+00 1.041095376014709473e+00 1.039101719856262207e+00 1.030600309371948242e+00 1.018612384796142578e+00 9.965766072273254395e-01 9.883429408073425293e-01 9.833102822303771973e-01 9.815630316734313965e-01 9.791689515113830566e-01 9.767823219299316406e-01 9.761012196540832520e-01 9.760981202125549316e-01 9.767833948135375977e-01 9.771899580955505371e-01 9.769441485404968262e-01 9.771310687065124512e-01 9.760286808013916016e-01 9.756398797035217285e-01 9.760891199111938477e-01 9.771172404289245605e-01 9.829860925674438477e-01 9.846304059028625488e-01 9.860036373138427734e-01 9.882888197898864746e-01 9.909549355506896973e-01 9.932201504707336426e-01 9.958695769309997559e-01 9.981518983840942383e-01 1.000685214996337891e+00 1.003756046295166016e+00 1.005964159965515137e+00 1.009744763374328613e+00 1.012917399406433105e+00 1.016739130020141602e+00 1.019809961318969727e+00 1.022698998451232910e+00 1.024507641792297363e+00 1.030154466629028320e+00 1.029887676239013672e+00 1.027207374572753906e+00 1.024081468582153320e+00 1.018884778022766113e+00 1.011839747428894043e+00 1.007086277008056641e+00 1.002810835838317871e+00 1.001231312751770020e+00 9.973481893539428711e-01 9.944232702255249023e-01 9.924220442771911621e-01 9.855913519859313965e-01 9.828441739082336426e-01 9.810422658920288086e-01 9.779308438301086426e-01 9.759551882743835449e-01 9.738767743110656738e-01 9.718514084815979004e-01 9.712744355201721191e-01 9.720134735107421875e-01 9.699825048446655273e-01 9.699503779411315918e-01 9.699230194091796875e-01 9.678531289100646973e-01 9.673040509223937988e-01 9.648152589797973633e-01 9.628397822380065918e-01 9.617511630058288574e-01 9.629024267196655273e-01 9.632291197776794434e-01 9.596784710884094238e-01
1.040715575218200684e+00 1.039243936538696289e+00 1.038437485694885254e+00 1.036868453025817871e+00 1.036625862121582031e+00 1.035714030265808105e+00 1.034646630287170410e+00 1.031739950180053711e+00 1.028576970100402832e+00 1.026040315628051758e+00 1.023620843887329102e+00 1.026957988739013672e+00 1.034847378730773926e+00 1.034297347068786621e+00 1.033197045326232910e+00 1.031993865966796875e+00 1.034078359603881836e+00 1.036982297897338867e+00 1.033808469772338867e+00 1.034552931785583496e+00 1.036339163780212402e+00 1.037558674812316895e+00 1.038198113441467285e+00 1.039965033531188965e+00 1.042189478874206543e+00 1.042853116989135742e+00 1.041906237602233887e+00 1.042528629302978516e+00 1.043382406234741211e+00 1.043920755386352539e+00 1.040914416313171387e+00 1.038977742195129395e+00 1.030256986618041992e+00 1.017880558967590332e+00 9.961127638816833496e-01 9.877086281776428223e-01 9.829732179641723633e-01 9.819195270538330078e-01 9.786146879196166992e-01 9.761832356452941895e-01 9.763979911804199219e-01 9.769811630249023438e-01 9.775283932685852051e-01 9.771829843521118164e-01 9.772069454193115234e-01 9.778819084167480469e-01 9.774923324584960938e-01 9.768891334533691406e-01 9.765216112136840820e-01 9.776039719581604004e-01 9.834445118904113770e-01 9.852488636970520020e-01 9.869824647903442383e-01 9.885361790657043457e-01 9.911421537399291992e-01 9.939718842506408691e-01 9.967717528343200684e-01 1.000086903572082520e+00 1.002552509307861328e+00 1.005540609359741211e+00 1.008064270019531250e+00 1.010834813117980957e+00 1.015040993690490723e+00 1.018593072891235352e+00 1.021595120429992676e+00 1.024533152580261230e+00 1.026553392410278320e+00 1.032049655914306641e+00 1.031722426414489746e+00 1.028625726699829102e+00 1.024157881736755371e+00 1.018977046012878418e+00 1.012243628501892090e+00 1.008380055427551270e+00 1.004228353500366211e+00 1.003288149833679199e+00 9.994944334030151367e-01 9.949994087219238281e-01 9.922015070915222168e-01 9.848576784133911133e-01 9.842813014984130859e-01 9.829950332641601562e-01 9.800891280174255371e-01 9.783167839050292969e-01 9.760628342628479004e-01 9.739420413970947266e-01 9.728292226791381836e-01 9.727696180343627930e-01 9.721150994300842285e-01 9.714328646659851074e-01 9.710345268249511719e-01 9.687609672546386719e-01 9.690885543823242188e-01 9.677653908729553223e-01 9.663331508636474609e-01 9.639543294906616211e-01 9.643239974975585938e-01 9.643752574920654297e-01 9.597496986389160156e-01
1.041387796401977539e+00 1.039923906326293945e+00 1.038991689682006836e+00 1.037245869636535645e+00 1.037164449691772461e+00 1.036676168441772461e+00 1.035891652107238770e+00 1.032745838165283203e+00 1.031052470207214355e+00 1.030349493026733398e+00 1.026957988739013672e+00 1.027052521705627441e+00 1.036167860031127930e+00 1.035508632659912109e+00 1.034538149833679199e+00 1.034015536308288574e+00 1.036146283149719238e+00 1.038893461227416992e+00 1.033100962638854980e+00 1.033714890480041504e+00 1.035566329956054688e+00 1.036934018135070801e+00 1.037829756736755371e+00 1.040076375007629395e+00 1.042004466056823730e+00 1.042942404747009277e+00 1.042497277259826660e+00 1.042976379394531250e+00 1.044503211975097656e+00 1.044918298721313477e+00 1.041160821914672852e+00 1.039174556732177734e+00 1.030060529708862305e+00 1.017013788223266602e+00 9.950605630874633789e-01 9.873211383819580078e-01 9.827827811241149902e-01 9.822834134101867676e-01 9.782166481018066406e-01 9.755291342735290527e-01 9.761320352554321289e-01 9.769603610038757324e-01 9.773730635643005371e-01 9.773215055465698242e-01 9.778519272804260254e-01 9.786319136619567871e-01 9.788861870765686035e-01 9.783330559730529785e-01 9.779072999954223633e-01 9.791077375411987305e-01 9.845983386039733887e-01 9.869086146354675293e-01 9.886842966079711914e-01 9.895232915878295898e-01 9.923357963562011719e-01 9.952265024185180664e-01 9.971148371696472168e-01 1.000442624092102051e+00 1.004152297973632812e+00 1.007226347923278809e+00 1.009223461151123047e+00 1.013689398765563965e+00 1.017878413200378418e+00 1.020898461341857910e+00 1.023452997207641602e+00 1.025070905685424805e+00 1.027870893478393555e+00 1.034133672714233398e+00 1.033650279045104980e+00 1.029938697814941406e+00 1.025394558906555176e+00 1.021568775177001953e+00 1.015511631965637207e+00 1.010107874870300293e+00 1.004917025566101074e+00 1.003354787826538086e+00 1.000996351242065430e+00 9.959317445755004883e-01 9.936464428901672363e-01 9.876805543899536133e-01 9.865573644638061523e-01 9.852309823036193848e-01 9.818159937858581543e-01 9.802758097648620605e-01 9.773876667022705078e-01 9.757823348045349121e-01 9.746484160423278809e-01 9.742750525474548340e-01 9.740027189254760742e-01 9.731708765029907227e-01 9.733614921569824219e-01 9.715087413787841797e-01 9.714652299880981445e-01 9.694111943244934082e-01 9.686350226402282715e-01 9.668103456497192383e-01 9.667031168937683105e-01 9.646477103233337402e-01 9.602955579757690430e-01
1.043648719787597656e+00 1.041568160057067871e+00 1.040462255477905273e+00 1.039079666137695312e+00 1.038959980010986328e+00 1.038774847984313965e+00 1.038148522377014160e+00 1.034735679626464844e+00 1.033272981643676758e+00 1.034334540367126465e+00 1.034847378730773926e+00 1.036167860031127930e+00 1.037951469421386719e+00 1.035330295562744141e+00 1.035015940666198730e+00 1.036425828933715820e+00 1.039238214492797852e+00 1.041881799697875977e+00 1.033717751502990723e+00 1.034134387969970703e+00 1.036563158035278320e+00 1.037649631500244141e+00 1.038704276084899902e+00 1.040576696395874023e+00 1.041566610336303711e+00 1.042932271957397461e+00 1.043242454528808594e+00 1.043971419334411621e+00 1.045246481895446777e+00 1.046082973480224609e+00 1.042362570762634277e+00 1.039702296257019043e+00 1.029983639717102051e+00 1.016627550125122070e+00 9.945610761642456055e-01 9.867090582847595215e-01 9.828822612762451172e-01 9.833374619483947754e-01 9.795891642570495605e-01 9.770463109016418457e-01 9.770384430885314941e-01 9.769032001495361328e-01 9.780288338661193848e-01 9.788578748703002930e-01 9.796890020370483398e-01 9.803108572959899902e-01 9.808634519577026367e-01 9.810844063758850098e-01 9.814110398292541504e-01 9.829044938087463379e-01 9.881078600883483887e-01 9.898203015327453613e-01 9.917730689048767090e-01 9.925354719161987305e-01 9.943163990974426270e-01 9.970715641975402832e-01 9.992302656173706055e-01 1.002395987510681152e+00 1.006377696990966797e+00 1.009206891059875488e+00 1.011686682701110840e+00 1.016515612602233887e+00 1.020825505256652832e+00 1.023599982261657715e+00 1.025341868400573730e+00 1.025962114334106445e+00 1.027814626693725586e+00 1.034313797950744629e+00 1.034843087196350098e+00 1.031908631324768066e+00 1.028053283691406250e+00 1.024115324020385742e+00 1.018269419670104980e+00 1.012575864791870117e+00 1.006962299346923828e+00 1.005276560783386230e+00 1.003821134567260742e+00 9.985035657882690430e-01 9.957476854324340820e-01 9.902937412261962891e-01 9.891130328178405762e-01 9.872416257858276367e-01 9.831162691116333008e-01 9.814025759696960449e-01 9.786682724952697754e-01 9.770436286926269531e-01 9.761949777603149414e-01 9.765229225158691406e-01 9.771753549575805664e-01 9.773625731468200684e-01 9.770483970642089844e-01 9.751585721969604492e-01 9.738562703132629395e-01 9.727467298507690430e-01 9.719963669776916504e-01 9.712967276573181152e-01 9.698246717453002930e-01 9.670214056968688965e-01 9.615626335144042969e-01
1.039253830909729004e+00 1.036982774734497070e+00 1.035686254501342773e+00 1.033939361572265625e+00 1.033153176307678223e+00 1.032704949378967285e+00 1.032606363296508789e+00 1.030420541763305664e+00 1.029782295227050781e+00 1.031686663627624512e+00 1.034297347068786621e+00 1.035508632659912109e+00 1.035330295562744141e+00 1.031266689300537109e+00 1.030876398086547852e+00 1.035134673118591309e+00 1.038078308105468750e+00 1.040554404258728027e+00 1.031534194946289062e+00 1.032423615455627441e+00 1.034589171409606934e+00 1.035496473312377930e+00 1.036948323249816895e+00 1.038774728775024414e+00 1.039820551872253418e+00 1.042328953742980957e+00 1.042641997337341309e+00 1.043240427970886230e+00 1.044515967369079590e+00 1.045777320861816406e+00 1.042438626289367676e+00 1.039334774017333984e+00 1.028932809829711914e+00 1.015469193458557129e+00 9.935991168022155762e-01 9.853153824806213379e-01 9.815677404403686523e-01 9.782966971397399902e-01 9.750837683677673340e-01 9.731586575508117676e-01 9.724899530410766602e-01 9.718756675720214844e-01 9.723637104034423828e-01 9.737285375595092773e-01 9.752376079559326172e-01 9.763469696044921875e-01 9.776147007942199707e-01 9.787397980690002441e-01 9.803293943405151367e-01 9.821733832359313965e-01 9.861681461334228516e-01 9.878079891204833984e-01 9.898874759674072266e-01 9.911372065544128418e-01 9.930740594863891602e-01 9.941244721412658691e-01 9.965814352035522461e-01 1.000599980354309082e+00 1.004593133926391602e+00 1.008697032928466797e+00 1.011759757995605469e+00 1.015842437744140625e+00 1.018901705741882324e+00 1.021473646163940430e+00 1.022575616836547852e+00 1.023801326751708984e+00 1.025355696678161621e+00 1.031665325164794922e+00 1.032438993453979492e+00 1.030161261558532715e+00 1.026391625404357910e+00 1.022245526313781738e+00 1.016492486000061035e+00 1.010879755020141602e+00 1.006996989250183105e+00 1.005314111709594727e+00 1.003015160560607910e+00 9.975744485855102539e-01 9.947147369384765625e-01 9.890707731246948242e-01 9.882271289825439453e-01 9.848960638046264648e-01 9.803707599639892578e-01 9.788463115692138672e-01 9.774183034896850586e-01 9.759585857391357422e-01 9.749140739440917969e-01 9.751389026641845703e-01 9.762938022613525391e-01 9.765378236770629883e-01 9.765881896018981934e-01 9.739894866943359375e-01 9.737534523010253906e-01 9.724192619323730469e-01 9.719941020011901855e-01 9.711222052574157715e-01 9.683015942573547363e-01 9.666727185249328613e-01 9.612559080123901367e-01
1.040169954299926758e+00 1.037792682647705078e+00 1.035901308059692383e+00 1.034368991851806641e+00 1.033771753311157227e+00 1.033458828926086426e+00 1.033047795295715332e+00 1.030516743659973145e+00 1.029862999916076660e+00 1.031252384185791016e+00 1.033197045326232910e+00 1.034538149833679199e+00 1.035015940666198730e+00 1.030876398086547852e+00 1.029722452163696289e+00 1.034418702125549316e+00 1.039005756378173828e+00 1.041940927505493164e+00 1.032691240310668945e+00 1.033169031143188477e+00 1.034696340560913086e+00 1.035390377044677734e+00 1.036648869514465332e+00 1.038654804229736328e+00 1.040217757225036621e+00 1.043477892875671387e+00 1.044457435607910156e+00 1.044434666633605957e+00 1.045081496238708496e+00 1.046256422996520996e+00 1.042916059494018555e+00 1.039684176445007324e+00 1.029262781143188477e+00 1.015515327453613281e+00 9.925325512886047363e-01 9.841632843017578125e-01 9.805496335029602051e-01 9.767957329750061035e-01 9.740685820579528809e-01 9.718986153602600098e-01 9.712857604026794434e-01 9.706407785415649414e-01 9.709227681159973145e-01 9.730641841888427734e-01 9.746386408805847168e-01 9.759858846664428711e-01 9.781256318092346191e-01 9.795129299163818359e-01 9.813082814216613770e-01 9.838822484016418457e-01 9.879607558250427246e-01 9.894188642501831055e-01 9.909676909446716309e-01 9.921202659606933594e-01 9.935494661331176758e-01 9.957927465438842773e-01 9.987946748733520508e-01 1.001674294471740723e+00 1.005723476409912109e+00 1.010778546333312988e+00 1.014663457870483398e+00 1.018111824989318848e+00 1.020356416702270508e+00 1.022839665412902832e+00 1.024869441986083984e+00 1.025758385658264160e+00 1.027270078659057617e+00 1.034039378166198730e+00 1.035337924957275391e+00 1.033069372177124023e+00 1.029369950294494629e+00 1.025359749794006348e+00 1.018150448799133301e+00 1.013106346130371094e+00 1.010037779808044434e+00 1.007753729820251465e+00 1.004055619239807129e+00 9.993590712547302246e-01 9.968898296356201172e-01 9.905581474304199219e-01 9.887539148330688477e-01 9.867072105407714844e-01 9.830210804939270020e-01 9.806117415428161621e-01 9.796776771545410156e-01 9.786142706871032715e-01 9.777581691741943359e-01 9.778923392295837402e-01 9.779310226440429688e-01 9.771261215209960938e-01 9.757001996040344238e-01 9.735941290855407715e-01 9.741235375404357910e-01 9.737240076065063477e-01 9.724879264831542969e-01 9.715105891227722168e-01 9.697543382644653320e-01 9.686723947525024414e-01 9.644485712051391602e-01
1.040911912918090820e+00 1.037885189056396484e+00 1.036551475524902344e+00 1.035241246223449707e+00 1.034504413604736328e+00 1.034067630767822266e+00 1.033307790756225586e+00 1.031216859817504883e+00 1.030044317245483398e+00 1.030539393424987793e+00 1.031993865966796875e+00 1.034015536308288574e+00 1.036425828933715820e+00 1.035134673118591309e+00 1.034418702125549316e+00 1.031392693519592285e+00 1.036016106605529785e+00 1.041620254516601562e+00 1.033649921417236328e+00 1.033336400985717773e+00 1.034787654876708984e+00 1.036101222038269043e+00 1.037320613861083984e+00 1.039289116859436035e+00 1.041604757308959961e+00 1.044973969459533691e+00 1.046168327331542969e+00 1.046197414398193359e+00 1.046086072921752930e+00 1.046766996383666992e+00 1.043168544769287109e+00 1.040133476257324219e+00 1.029744267463684082e+00 1.014983177185058594e+00 9.913688302040100098e-01 9.824874997138977051e-01 9.785792231559753418e-01 9.745264649391174316e-01 9.724081754684448242e-01 9.698944091796875000e-01 9.689226150512695312e-01 9.690342545509338379e-01 9.695463180541992188e-01 9.711133241653442383e-01 9.728410243988037109e-01 9.750519394874572754e-01 9.766671657562255859e-01 9.778227806091308594e-01 9.806376099586486816e-01 9.843393564224243164e-01 9.885007143020629883e-01 9.894559383392333984e-01 9.902623891830444336e-01 9.917166233062744141e-01 9.935464262962341309e-01 9.962473511695861816e-01 9.999818801879882812e-01 1.003439664840698242e+00 1.006872296333312988e+00 1.011816740036010742e+00 1.015356779098510742e+00 1.018467783927917480e+00 1.020652770996093750e+00 1.023054122924804688e+00 1.025258541107177734e+00 1.026623845100402832e+00 1.029175877571105957e+00 1.035923838615417480e+00 1.036037683486938477e+00 1.033864140510559082e+00 1.030879259109497070e+00 1.026079416275024414e+00 1.019037961959838867e+00 1.015251755714416504e+00 1.012147903442382812e+00 1.008685469627380371e+00 1.006157040596008301e+00 1.001577615737915039e+00 9.986361265182495117e-01 9.914606809616088867e-01 9.899716377258300781e-01 9.877908825874328613e-01 9.854838252067565918e-01 9.837788343429565430e-01 9.814116954803466797e-01 9.801515936851501465e-01 9.793032407760620117e-01 9.789271354675292969e-01 9.789946079254150391e-01 9.782916903495788574e-01 9.768431186676025391e-01 9.752165079116821289e-01 9.766830205917358398e-01 9.754295349121093750e-01 9.742642641067504883e-01 9.727627038955688477e-01 9.705954194068908691e-01 9.701857566833496094e-01 9.669691324234008789e-01
