1.008453488349914551e+00 1.029707312583923340e+00 1.028691053390502930e+00 1.019759774208068848e+00 1.015181660652160645e+00 1.016965508460998535e+00 1.019572973251342773e+00 1.024690866470336914e+00 1.024589061737060547e+00 1.023211598396301270e+00 1.022592663764953613e+00 1.025218129158020020e+00 1.029844760894775391e+00 1.030090689659118652e+00 1.033100008964538574e+00 1.031388044357299805e+00 1.036419987678527832e+00 1.035976529121398926e+00 1.033892273902893066e+00 1.037074685096740723e+00 1.040228366851806641e+00 1.044289588928222656e+00 1.047043681144714355e+00 1.024842500686645508e+00 1.019132375717163086e+00 1.035669326782226562e+00 1.036043047904968262e+00 1.043285131454467773e+00 1.049644827842712402e+00 1.052963495254516602e+00 1.058404088020324707e+00 1.067298412322998047e+00 1.064503073692321777e+00 1.072460651397705078e+00 1.064674496650695801e+00 1.050769090652465820e+00 1.037492036819458008e+00 1.006403565406799316e+00 9.698941111564636230e-01 9.459995627403259277e-01 9.290291070938110352e-01 9.186390042304992676e-01 9.126980304718017578e-01 9.078497290611267090e-01 9.049130082130432129e-01 8.859685063362121582e-01 8.771384954452514648e-01 8.648980855941772461e-01 8.765010833740234375e-01 8.839379549026489258e-01 9.128594398498535156e-01 9.161046147346496582e-01 9.016103744506835938e-01 9.025518894195556641e-01 8.871682882308959961e-01 8.749731779098510742e-01 8.929350376129150391e-01 9.204863905906677246e-01 9.291370511054992676e-01 9.278255701065063477e-01 9.284662604331970215e-01 9.305331110954284668e-01 9.508548378944396973e-01 9.523749351501464844e-01 9.670404195785522461e-01 9.801226854324340820e-01 9.938167333602905273e-01 9.719845056533813477e-01 9.604874253273010254e-01 9.502936005592346191e-01 9.541456699371337891e-01 9.534003138542175293e-01 9.205119609832763672e-01 8.930521011352539062e-01 8.966128230094909668e-01 8.964748978614807129e-01 8.846166133880615234e-01 8.850231170654296875e-01 8.872377276420593262e-01 8.765921592712402344e-01 8.580501675605773926e-01 8.570722341537475586e-01 8.501421213150024414e-01 8.666192293167114258e-01 8.524999618530273438e-01 8.559976816177368164e-01 8.631758093833923340e-01 8.802542090415954590e-01 8.872481584548950195e-01 8.833183646202087402e-01 8.923239707946777344e-01 8.850225806236267090e-01 8.848051428794860840e-01 8.897621631622314453e-01 8.701686859130859375e-01 8.746076226234436035e-01 8.718282580375671387e-01 8.956739902496337891e-01 9.104999303817749023e-01
1.029707312583923340e+00 1.028010845184326172e+00 1.020151257514953613e+00 1.019615292549133301e+00 1.019086003303527832e+00 1.020558834075927734e+00 1.026902079582214355e+00 1.030414462089538574e+00 1.027419447898864746e+00 1.021327137947082520e+00 1.018888950347900391e+00 1.025324106216430664e+00 1.034715414047241211e+00 1.033304691314697266e+00 1.037379264831542969e+00 1.032197713851928711e+00 1.029591798782348633e+00 1.028873801231384277e+00 1.024223446846008301e+00 1.024368166923522949e+00 1.032861351966857910e+00 1.031788468360900879e+00 1.028809428215026855e+00 1.027265787124633789e+00 1.021812200546264648e+00 1.036103844642639160e+00 1.037589669227600098e+00 1.036586403846740723e+00 1.045854687690734863e+00 1.054665803909301758e+00 1.052519679069519043e+00 1.057579278945922852e+00 1.059156656265258789e+00 1.060117840766906738e+00 1.045020341873168945e+00 1.025374889373779297e+00 1.017742395401000977e+00 9.986579418182373047e-01 9.637515544891357422e-01 9.441876411437988281e-01 9.334443211555480957e-01 9.169605970382690430e-01 9.075068831443786621e-01 8.969439268112182617e-01 8.941146135330200195e-01 8.898072242736816406e-01 8.863414525985717773e-01 8.706313967704772949e-01 8.748285174369812012e-01 8.859289288520812988e-01 9.098408818244934082e-01 9.127949476242065430e-01 8.969152569770812988e-01 9.005613327026367188e-01 8.866131305694580078e-01 8.872495889663696289e-01 8.972008824348449707e-01 9.202666878700256348e-01 9.304041862487792969e-01 9.282770752906799316e-01 9.366564154624938965e-01 9.414270520210266113e-01 9.607260227203369141e-01 9.750571846961975098e-01 9.906823039054870605e-01 1.006799459457397461e+00 9.988662004470825195e-01 9.827876687049865723e-01 9.682886004447937012e-01 9.504301548004150391e-01 9.336959719657897949e-01 9.593523740768432617e-01 9.517353773117065430e-01 9.154288768768310547e-01 8.922320604324340820e-01 8.972017765045166016e-01 8.926145434379577637e-01 8.915124535560607910e-01 8.906508088111877441e-01 8.760887980461120605e-01 8.690758347511291504e-01 8.541279435157775879e-01 8.566095232963562012e-01 8.669898509979248047e-01 8.632928133010864258e-01 8.584960103034973145e-01 8.744663596153259277e-01 8.811767101287841797e-01 8.975072503089904785e-01 8.878427743911743164e-01 8.838224411010742188e-01 8.800379633903503418e-01 8.841712474822998047e-01 8.956567049026489258e-01 8.937702178955078125e-01 8.887637257575988770e-01 8.860161900520324707e-01 9.021201133728027344e-01 8.983122706413269043e-01
1.028691053390502930e+00 1.020151257514953613e+00 1.010557293891906738e+00 1.024910092353820801e+00 1.022254705429077148e+00 1.019628524780273438e+00 1.025085449218750000e+00 1.025089263916015625e+00 1.020595788955688477e+00 1.019982576370239258e+00 1.021668553352355957e+00 1.026365399360656738e+00 1.037553071975708008e+00 1.037873268127441406e+00 1.042634844779968262e+00 1.030613541603088379e+00 1.027241826057434082e+00 1.024994969367980957e+00 1.023207664489746094e+00 1.027400255203247070e+00 1.038395643234252930e+00 1.031365633010864258e+00 1.028140902519226074e+00 1.019247055053710938e+00 1.025560855865478516e+00 1.042393684387207031e+00 1.045721769332885742e+00 1.047554254531860352e+00 1.048674464225769043e+00 1.049097895622253418e+00 1.043822765350341797e+00 1.050139784812927246e+00 1.060231447219848633e+00 1.075345993041992188e+00 1.045062065124511719e+00 1.029994249343872070e+00 1.022454380989074707e+00 9.987142086029052734e-01 9.791259765625000000e-01 9.440611004829406738e-01 9.252451658248901367e-01 9.174659252166748047e-01 9.111324548721313477e-01 9.009706974029541016e-01 8.914257884025573730e-01 8.957731723785400391e-01 8.944683670997619629e-01 8.747631907463073730e-01 8.817929029464721680e-01 8.860483169555664062e-01 8.956909775733947754e-01 9.089395403861999512e-01 9.065071940422058105e-01 9.054827690124511719e-01 8.993849158287048340e-01 8.953967690467834473e-01 9.006124734878540039e-01 9.145762920379638672e-01 9.154104590415954590e-01 9.205777645111083984e-01 9.349874258041381836e-01 9.402250647544860840e-01 9.652622938156127930e-01 9.834753870964050293e-01 1.002667903900146484e+00 1.009325385093688965e+00 9.996803402900695801e-01 9.911918044090270996e-01 9.652619957923889160e-01 9.494650363922119141e-01 9.338205456733703613e-01 9.401113390922546387e-01 9.535316228866577148e-01 9.230828881263732910e-01 9.041016697883605957e-01 9.020465016365051270e-01 8.990379571914672852e-01 8.972485065460205078e-01 8.940907120704650879e-01 8.827568292617797852e-01 8.814986348152160645e-01 8.610093593597412109e-01 8.468445539474487305e-01 8.547596335411071777e-01 8.590716719627380371e-01 8.757209777832031250e-01 8.953805565834045410e-01 8.993647694587707520e-01 8.996582031250000000e-01 8.878864049911499023e-01 8.914425969123840332e-01 8.814368844032287598e-01 8.958882689476013184e-01 8.957770466804504395e-01 9.014739990234375000e-01 9.059916734695434570e-01 8.949919342994689941e-01 9.030238986015319824e-01 8.934125900268554688e-01
1.019759774208068848e+00 1.019615292549133301e+00 1.024910092353820801e+00 1.023551821708679199e+00 1.016476631164550781e+00 1.015330433845520020e+00 1.022062540054321289e+00 1.028097033500671387e+00 1.021582603454589844e+00 1.019619345664978027e+00 1.025864601135253906e+00 1.031614899635314941e+00 1.040336012840270996e+00 1.043414831161499023e+00 1.040710687637329102e+00 1.039187550544738770e+00 1.034812211990356445e+00 1.031763553619384766e+00 1.033171772956848145e+00 1.031771659851074219e+00 1.038219571113586426e+00 1.037174344062805176e+00 1.033130764961242676e+00 1.023974180221557617e+00 1.029789328575134277e+00 1.043792605400085449e+00 1.043810725212097168e+00 1.040655612945556641e+00 1.047957062721252441e+00 1.055730819702148438e+00 1.048125386238098145e+00 1.044638037681579590e+00 1.057081103324890137e+00 1.068702220916748047e+00 1.046287894248962402e+00 1.023484349250793457e+00 1.015864133834838867e+00 1.003508567810058594e+00 9.628160595893859863e-01 9.418539404869079590e-01 9.243909716606140137e-01 9.182759523391723633e-01 9.145519733428955078e-01 9.020665884017944336e-01 9.010462164878845215e-01 9.095986485481262207e-01 8.943638801574707031e-01 8.770124912261962891e-01 8.822885155677795410e-01 8.841835260391235352e-01 8.865244388580322266e-01 8.966087698936462402e-01 8.970667719841003418e-01 9.094175696372985840e-01 9.014374613761901855e-01 9.008995890617370605e-01 9.018043279647827148e-01 9.224255084991455078e-01 9.187021255493164062e-01 9.269971251487731934e-01 9.393900036811828613e-01 9.425377845764160156e-01 9.613743424415588379e-01 9.810528159141540527e-01 9.981194138526916504e-01 1.010394454002380371e+00 1.009265184402465820e+00 9.885255098342895508e-01 9.745029807090759277e-01 9.504597187042236328e-01 9.351546168327331543e-01 9.208988547325134277e-01 9.445143938064575195e-01 9.317222833633422852e-01 9.131773114204406738e-01 9.137275218963623047e-01 8.981928229331970215e-01 9.006221294403076172e-01 9.009523391723632812e-01 8.975927233695983887e-01 8.850273489952087402e-01 8.690875768661499023e-01 8.562297821044921875e-01 8.531779646873474121e-01 8.638013005256652832e-01 8.824474811553955078e-01 8.978691101074218750e-01 8.915157318115234375e-01 8.914166092872619629e-01 8.983274698257446289e-01 9.026235938072204590e-01 8.949816226959228516e-01 9.075385332107543945e-01 9.037975072860717773e-01 8.988206982612609863e-01 9.030991196632385254e-01 9.026680588722229004e-01 9.006980061531066895e-01 8.967257738113403320e-01
1.015181660652160645e+00 1.019086003303527832e+00 1.022254705429077148e+00 1.016476631164550781e+00 9.947873950004577637e-01 1.013369917869567871e+00 1.022373437881469727e+00 1.029519796371459961e+00 1.020644783973693848e+00 1.014145493507385254e+00 1.023033499717712402e+00 1.031890749931335449e+00 1.045706272125244141e+00 1.046441435813903809e+00 1.046117305755615234e+00 1.038987040519714355e+00 1.037085413932800293e+00 1.036945343017578125e+00 1.033383727073669434e+00 1.035874962806701660e+00 1.041904807090759277e+00 1.035766482353210449e+00 1.034115314483642578e+00 1.025849223136901855e+00 1.025458931922912598e+00 1.044754028320312500e+00 1.037722229957580566e+00 1.038137912750244141e+00 1.043649911880493164e+00 1.056099176406860352e+00 1.052435278892517090e+00 1.045154571533203125e+00 1.051534295082092285e+00 1.058561325073242188e+00 1.051011919975280762e+00 1.029033303260803223e+00 1.019647598266601562e+00 1.001660346984863281e+00 9.598080515861511230e-01 9.419377446174621582e-01 9.340924620628356934e-01 9.217891097068786621e-01 9.072384238243103027e-01 9.032664895057678223e-01 9.050460457801818848e-01 9.049152135848999023e-01 8.964833617210388184e-01 8.828852772712707520e-01 8.807498812675476074e-01 8.883543014526367188e-01 8.930212259292602539e-01 8.900797367095947266e-01 8.896762728691101074e-01 9.040120840072631836e-01 8.986937403678894043e-01 8.997606039047241211e-01 9.118486046791076660e-01 9.203929901123046875e-01 9.353851079940795898e-01 9.380661845207214355e-01 9.448686838150024414e-01 9.584103226661682129e-01 9.797893762588500977e-01 1.003274798393249512e+00 1.018896222114562988e+00 1.032317519187927246e+00 1.028775334358215332e+00 1.014416098594665527e+00 9.913026094436645508e-01 9.612691998481750488e-01 9.410828948020935059e-01 9.277934432029724121e-01 9.333208203315734863e-01 9.210327863693237305e-01 9.246019721031188965e-01 9.258794188499450684e-01 9.019975662231445312e-01 9.039013385772705078e-01 8.989170789718627930e-01 8.905770778656005859e-01 8.769083023071289062e-01 8.623380064964294434e-01 8.551744222640991211e-01 8.612561225891113281e-01 8.681071400642395020e-01 8.884319067001342773e-01 8.917096257209777832e-01 8.813990354537963867e-01 8.949478268623352051e-01 8.919417858123779297e-01 9.018903970718383789e-01 8.959238529205322266e-01 9.061860442161560059e-01 9.105435609817504883e-01 9.014934897422790527e-01 8.992632031440734863e-01 9.004597067832946777e-01 8.895024061203002930e-01 8.826090097427368164e-01
1.016965508460998535e+00 1.020558834075927734e+00 1.019628524780273438e+00 1.015330433845520020e+00 1.013369917869567871e+00 1.009749650955200195e+00 1.010508537292480469e+00 1.023408055305480957e+00 1.016749978065490723e+00 1.015763282775878906e+00 1.023740053176879883e+00 1.029470324516296387e+00 1.042043089866638184e+00 1.050279974937438965e+00 1.046623349189758301e+00 1.037243366241455078e+00 1.037907361984252930e+00 1.044439673423767090e+00 1.033833742141723633e+00 1.037854790687561035e+00 1.039140701293945312e+00 1.033643603324890137e+00 1.022888898849487305e+00 1.019488811492919922e+00 1.028627872467041016e+00 1.036047935485839844e+00 1.039657592773437500e+00 1.040636301040649414e+00 1.042743325233459473e+00 1.056070327758789062e+00 1.044965028762817383e+00 1.049222588539123535e+00 1.057049155235290527e+00 1.057357907295227051e+00 1.050114393234252930e+00 1.038716435432434082e+00 1.033906102180480957e+00 1.007227420806884766e+00 9.626197814941406250e-01 9.379726052284240723e-01 9.201139807701110840e-01 9.071756601333618164e-01 9.078648686408996582e-01 9.036336541175842285e-01 9.017811417579650879e-01 9.025210142135620117e-01 8.931283950805664062e-01 8.766291141510009766e-01 8.816450834274291992e-01 8.939113616943359375e-01 9.013329148292541504e-01 8.945046663284301758e-01 8.873395919799804688e-01 8.933339118957519531e-01 9.120175242424011230e-01 9.108928442001342773e-01 9.142460823059082031e-01 9.272511005401611328e-01 9.352350234985351562e-01 9.347248077392578125e-01 9.573374986648559570e-01 9.699257612228393555e-01 9.905471801757812500e-01 1.007994055747985840e+00 1.030646085739135742e+00 1.035187363624572754e+00 1.036376357078552246e+00 1.017600536346435547e+00 1.003714680671691895e+00 9.729298353195190430e-01 9.350539445877075195e-01 9.366177320480346680e-01 9.312765002250671387e-01 9.154237508773803711e-01 9.201771616935729980e-01 9.393697381019592285e-01 9.218328595161437988e-01 9.124727249145507812e-01 9.043502807617187500e-01 8.941308856010437012e-01 8.795369863510131836e-01 8.768223524093627930e-01 8.742247819900512695e-01 8.704204559326171875e-01 8.875136375427246094e-01 8.907620310783386230e-01 8.981299400329589844e-01 9.012976884841918945e-01 9.003980159759521484e-01 8.932635188102722168e-01 8.930212855339050293e-01 9.082509279251098633e-01 9.155142307281494141e-01 9.151227474212646484e-01 8.991020917892456055e-01 8.935934305191040039e-01 9.043346643447875977e-01 8.972583413124084473e-01 9.039012193679809570e-01
1.019572973251342773e+00 1.026902079582214355e+00 1.025085449218750000e+00 1.022062540054321289e+00 1.022373437881469727e+00 1.010508537292480469e+00 1.001851439476013184e+00 1.013956308364868164e+00 1.014275550842285156e+00 1.011963129043579102e+00 1.019677400588989258e+00 1.027790904045104980e+00 1.037551999092102051e+00 1.046487212181091309e+00 1.049917221069335938e+00 1.043646097183227539e+00 1.042369127273559570e+00 1.042696595191955566e+00 1.033241391181945801e+00 1.035585761070251465e+00 1.038489699363708496e+00 1.033574819564819336e+00 1.025136709213256836e+00 1.023376345634460449e+00 1.025823831558227539e+00 1.031014204025268555e+00 1.032051563262939453e+00 1.033717751502990723e+00 1.048972964286804199e+00 1.051516890525817871e+00 1.043788909912109375e+00 1.051688075065612793e+00 1.063451051712036133e+00 1.061239838600158691e+00 1.056280255317687988e+00 1.046747207641601562e+00 1.031180858612060547e+00 1.002249717712402344e+00 9.611686468124389648e-01 9.436223506927490234e-01 9.198114871978759766e-01 9.058440923690795898e-01 9.067032933235168457e-01 8.980408906936645508e-01 8.970607519149780273e-01 8.957908153533935547e-01 8.939952254295349121e-01 8.772997856140136719e-01 8.814649581909179688e-01 8.927425146102905273e-01 8.998062610626220703e-01 9.030370116233825684e-01 8.931285738945007324e-01 8.987673521041870117e-01 9.115564227104187012e-01 9.098630547523498535e-01 9.167055487632751465e-01 9.335705041885375977e-01 9.380167722702026367e-01 9.489132761955261230e-01 9.638933539390563965e-01 9.753959774971008301e-01 9.881506562232971191e-01 1.008329153060913086e+00 1.022309422492980957e+00 1.049224019050598145e+00 1.059080123901367188e+00 1.036129474639892578e+00 1.011273980140686035e+00 9.833704829216003418e-01 9.547633528709411621e-01 9.534742832183837891e-01 9.499601721763610840e-01 9.195355176925659180e-01 9.170097708702087402e-01 9.298908710479736328e-01 9.474458694458007812e-01 9.153664708137512207e-01 9.060035943984985352e-01 8.976447582244873047e-01 8.882024288177490234e-01 8.910152316093444824e-01 8.876729607582092285e-01 8.692475557327270508e-01 8.802630305290222168e-01 8.888590931892395020e-01 9.082141518592834473e-01 9.129601120948791504e-01 9.253662824630737305e-01 8.963466882705688477e-01 8.844626545906066895e-01 8.936598300933837891e-01 9.136025905609130859e-01 9.191474914550781250e-01 9.164511561393737793e-01 9.094766974449157715e-01 9.189101457595825195e-01 9.111319184303283691e-01 9.177837967872619629e-01
1.024690866470336914e+00 1.030414462089538574e+00 1.025089263916015625e+00 1.028097033500671387e+00 1.029519796371459961e+00 1.023408055305480957e+00 1.013956308364868164e+00 1.015082716941833496e+00 1.025106549263000488e+00 1.028154015541076660e+00 1.024799346923828125e+00 1.031472325325012207e+00 1.045587420463562012e+00 1.049895644187927246e+00 1.050439953804016113e+00 1.045697212219238281e+00 1.047267556190490723e+00 1.044478416442871094e+00 1.037773013114929199e+00 1.037595033645629883e+00 1.040810227394104004e+00 1.035313129425048828e+00 1.021263480186462402e+00 1.021215796470642090e+00 1.021704435348510742e+00 1.034399271011352539e+00 1.030670523643493652e+00 1.035539627075195312e+00 1.038556694984436035e+00 1.041678905487060547e+00 1.037872314453125000e+00 1.049133539199829102e+00 1.056815266609191895e+00 1.042116284370422363e+00 1.043181657791137695e+00 1.035328149795532227e+00 1.019127607345581055e+00 9.884584546089172363e-01 9.560328722000122070e-01 9.390686154365539551e-01 9.145662784576416016e-01 9.046972990036010742e-01 9.051107764244079590e-01 9.007354378700256348e-01 8.975217342376708984e-01 8.950325250625610352e-01 8.871302008628845215e-01 8.695768117904663086e-01 8.797023892402648926e-01 8.863121867179870605e-01 8.923455476760864258e-01 8.930586576461791992e-01 8.940024375915527344e-01 8.995147347450256348e-01 9.093557596206665039e-01 9.146977066993713379e-01 9.280642271041870117e-01 9.399750828742980957e-01 9.421896934509277344e-01 9.525484442710876465e-01 9.741554260253906250e-01 9.876624941825866699e-01 9.961549043655395508e-01 1.001336932182312012e+00 1.030994653701782227e+00 1.062874913215637207e+00 1.059771060943603516e+00 1.039839267730712891e+00 1.024585008621215820e+00 9.867238998413085938e-01 9.731857180595397949e-01 9.513087868690490723e-01 9.416294693946838379e-01 9.204880595207214355e-01 9.166935086250305176e-01 9.266268610954284668e-01 9.310875535011291504e-01 9.237287640571594238e-01 9.109426736831665039e-01 8.934979438781738281e-01 8.874042630195617676e-01 8.933717012405395508e-01 8.856767416000366211e-01 8.774940967559814453e-01 8.817219138145446777e-01 8.832600712776184082e-01 8.983456492424011230e-01 8.997076749801635742e-01 9.119885563850402832e-01 8.977348208427429199e-01 8.939601182937622070e-01 9.010767340660095215e-01 9.077165126800537109e-01 9.137504696846008301e-01 9.104926586151123047e-01 9.121935367584228516e-01 9.173694849014282227e-01 9.162250161170959473e-01 9.203726649284362793e-01
1.024589061737060547e+00 1.027419447898864746e+00 1.020595788955688477e+00 1.021582603454589844e+00 1.020644783973693848e+00 1.016749978065490723e+00 1.014275550842285156e+00 1.025106549263000488e+00 1.013257265090942383e+00 1.026880621910095215e+00 1.038947820663452148e+00 1.044680237770080566e+00 1.054127573966979980e+00 1.056269884109497070e+00 1.051610827445983887e+00 1.051138281822204590e+00 1.048866271972656250e+00 1.043779850006103516e+00 1.037773132324218750e+00 1.032157659530639648e+00 1.040271401405334473e+00 1.031391620635986328e+00 1.023073673248291016e+00 1.020664453506469727e+00 1.022119164466857910e+00 1.028218269348144531e+00 1.032275795936584473e+00 1.027985334396362305e+00 1.029489874839782715e+00 1.039365053176879883e+00 1.034081101417541504e+00 1.040415167808532715e+00 1.049370288848876953e+00 1.038220047950744629e+00 1.036845207214355469e+00 1.025610685348510742e+00 1.012110233306884766e+00 9.840509891510009766e-01 9.514501094818115234e-01 9.288687109947204590e-01 9.079475402832031250e-01 8.975391983985900879e-01 9.025731682777404785e-01 9.042592644691467285e-01 8.915026187896728516e-01 8.851820230484008789e-01 8.748245239257812500e-01 8.681573271751403809e-01 8.803189396858215332e-01 8.856541514396667480e-01 8.850204348564147949e-01 8.863518834114074707e-01 8.883280754089355469e-01 8.916476368904113770e-01 9.030083417892456055e-01 9.102936387062072754e-01 9.351857900619506836e-01 9.558621644973754883e-01 9.598509669303894043e-01 9.540985822677612305e-01 9.765400886535644531e-01 9.993941783905029297e-01 1.008744120597839355e+00 1.013402223587036133e+00 1.039883852005004883e+00 1.082362890243530273e+00 1.068582057952880859e+00 1.042656183242797852e+00 1.024498701095581055e+00 9.895578026771545410e-01 9.709600210189819336e-01 9.533864855766296387e-01 9.425121545791625977e-01 9.242407679557800293e-01 9.187058210372924805e-01 9.173847436904907227e-01 9.159638285636901855e-01 9.179905652999877930e-01 9.311134815216064453e-01 9.091677069664001465e-01 8.926637768745422363e-01 9.038190841674804688e-01 8.949797749519348145e-01 8.916701078414916992e-01 8.957392573356628418e-01 8.935059309005737305e-01 9.078915715217590332e-01 9.123281240463256836e-01 9.135524630546569824e-01 9.065685868263244629e-01 9.126117229461669922e-01 9.266567230224609375e-01 9.171006083488464355e-01 9.066176414489746094e-01 9.114823341369628906e-01 9.082221984863281250e-01 9.211673140525817871e-01 9.249932765960693359e-01 9.183854460716247559e-01
1.023211598396301270e+00 1.021327137947082520e+00 1.019982576370239258e+00 1.019619345664978027e+00 1.014145493507385254e+00 1.015763282775878906e+00 1.011963129043579102e+00 1.028154015541076660e+00 1.026880621910095215e+00 1.033008456230163574e+00 1.038727879524230957e+00 1.045289754867553711e+00 1.054895401000976562e+00 1.050196647644042969e+00 1.050386428833007812e+00 1.047698140144348145e+00 1.045733928680419922e+00 1.042121410369873047e+00 1.041947364807128906e+00 1.031746029853820801e+00 1.032827377319335938e+00 1.026571512222290039e+00 1.022995948791503906e+00 1.023894429206848145e+00 1.020869135856628418e+00 1.027076721191406250e+00 1.032487392425537109e+00 1.031693220138549805e+00 1.027892708778381348e+00 1.029627919197082520e+00 1.033489346504211426e+00 1.033281207084655762e+00 1.040393471717834473e+00 1.030534029006958008e+00 1.028682351112365723e+00 1.021413445472717285e+00 1.008262753486633301e+00 9.849822521209716797e-01 9.459633231163024902e-01 9.187117218971252441e-01 9.001941680908203125e-01 8.875013589859008789e-01 9.006068110466003418e-01 8.975263833999633789e-01 8.900037407875061035e-01 8.905985355377197266e-01 8.805752992630004883e-01 8.697352409362792969e-01 8.847759962081909180e-01 8.815372586250305176e-01 8.868904709815979004e-01 8.876607418060302734e-01 8.922401666641235352e-01 9.010469913482666016e-01 9.090707302093505859e-01 9.181551933288574219e-01 9.351446628570556641e-01 9.526457190513610840e-01 9.599058032035827637e-01 9.757552146911621094e-01 9.837419986724853516e-01 9.988094568252563477e-01 1.017978072166442871e+00 1.037466049194335938e+00 1.049657821655273438e+00 1.076140403747558594e+00 1.068546652793884277e+00 1.044672608375549316e+00 1.021508336067199707e+00 9.968169331550598145e-01 9.786061644554138184e-01 9.592271447181701660e-01 9.446716904640197754e-01 9.315879344940185547e-01 9.283608794212341309e-01 9.171743988990783691e-01 9.119424223899841309e-01 9.016293883323669434e-01 9.212975502014160156e-01 9.227061271667480469e-01 9.004068374633789062e-01 8.895828127861022949e-01 8.919005990028381348e-01 8.888018727302551270e-01 8.883724808692932129e-01 8.892055749893188477e-01 9.142792820930480957e-01 9.074090719223022461e-01 9.191873669624328613e-01 9.179550409317016602e-01 9.224456548690795898e-01 9.284101724624633789e-01 9.236742258071899414e-01 9.167977571487426758e-01 9.162188768386840820e-01 9.145739674568176270e-01 9.209472537040710449e-01 9.149332642555236816e-01 9.098038077354431152e-01
1.022592663764953613e+00 1.018888950347900391e+00 1.021668553352355957e+00 1.025864601135253906e+00 1.023033499717712402e+00 1.023740053176879883e+00 1.019677400588989258e+00 1.024799346923828125e+00 1.038947820663452148e+00 1.038727879524230957e+00 1.019888758659362793e+00 1.035240173339843750e+00 1.044398903846740723e+00 1.040703535079956055e+00 1.041622161865234375e+00 1.035099864006042480e+00 1.038010358810424805e+00 1.035838484764099121e+00 1.031326174736022949e+00 1.026926875114440918e+00 1.029300689697265625e+00 1.022816061973571777e+00 1.018378138542175293e+00 1.018425703048706055e+00 1.015831470489501953e+00 1.021959424018859863e+00 1.029738545417785645e+00 1.032590627670288086e+00 1.032038450241088867e+00 1.030551433563232422e+00 1.026586771011352539e+00 1.029408454895019531e+00 1.031169176101684570e+00 1.039842605590820312e+00 1.031679511070251465e+00 1.010710239410400391e+00 9.953803420066833496e-01 9.689913988113403320e-01 9.356662034988403320e-01 9.100761413574218750e-01 8.898411393165588379e-01 8.829901814460754395e-01 8.859693408012390137e-01 8.826576471328735352e-01 8.882390260696411133e-01 8.815400600433349609e-01 8.928067088127136230e-01 8.783335685729980469e-01 8.778033256530761719e-01 8.850566148757934570e-01 8.947303295135498047e-01 8.994235396385192871e-01 8.935878276824951172e-01 9.073837995529174805e-01 9.133840799331665039e-01 9.244945049285888672e-01 9.317371845245361328e-01 9.392377138137817383e-01 9.529805779457092285e-01 9.688916206359863281e-01 9.721369147300720215e-01 9.958496689796447754e-01 1.015576958656311035e+00 1.044533252716064453e+00 1.060107707977294922e+00 1.071678996086120605e+00 1.066013574600219727e+00 1.035780310630798340e+00 1.018165111541748047e+00 9.973700046539306641e-01 9.811202287673950195e-01 9.657766222953796387e-01 9.463604092597961426e-01 9.257363677024841309e-01 9.202787280082702637e-01 9.085162281990051270e-01 8.945974111557006836e-01 8.976171016693115234e-01 8.918431997299194336e-01 8.997220993041992188e-01 9.046345353126525879e-01 8.933343887329101562e-01 8.840309381484985352e-01 8.822536468505859375e-01 8.826640248298645020e-01 8.881580829620361328e-01 9.083803296089172363e-01 8.967027664184570312e-01 9.072951078414916992e-01 9.142308831214904785e-01 9.224216341972351074e-01 9.173110127449035645e-01 9.178785085678100586e-01 9.255282282829284668e-01 9.365319609642028809e-01 9.120402932167053223e-01 9.174909591674804688e-01 9.066033363342285156e-01 9.177005887031555176e-01
1.025218129158020020e+00 1.025324106216430664e+00 1.026365399360656738e+00 1.031614899635314941e+00 1.031890749931335449e+00 1.029470324516296387e+00 1.027790904045104980e+00 1.031472325325012207e+00 1.044680237770080566e+00 1.045289754867553711e+00 1.035240173339843750e+00 1.018849730491638184e+00 1.018566966056823730e+00 1.023050546646118164e+00 1.037486672401428223e+00 1.039156436920166016e+00 1.035636186599731445e+00 1.028664231300354004e+00 1.029423117637634277e+00 1.028845548629760742e+00 1.029220461845397949e+00 1.025375604629516602e+00 1.021833419799804688e+00 1.014133691787719727e+00 1.010661721229553223e+00 1.017025709152221680e+00 1.018743634223937988e+00 1.020821452140808105e+00 1.022630929946899414e+00 1.031297326087951660e+00 1.023479342460632324e+00 1.028915047645568848e+00 1.029490232467651367e+00 1.036302208900451660e+00 1.031224012374877930e+00 1.008436918258666992e+00 9.873695373535156250e-01 9.574624896049499512e-01 9.341424703598022461e-01 9.166418313980102539e-01 8.935863375663757324e-01 8.849665522575378418e-01 8.796962499618530273e-01 8.739954829216003418e-01 8.808718323707580566e-01 8.840302824974060059e-01 8.906325101852416992e-01 8.793730735778808594e-01 8.766722679138183594e-01 8.745923042297363281e-01 8.835459947586059570e-01 8.980712890625000000e-01 8.931031823158264160e-01 8.997134566307067871e-01 9.158235192298889160e-01 9.220599532127380371e-01 9.329770207405090332e-01 9.462933540344238281e-01 9.593811631202697754e-01 9.737586975097656250e-01 9.945701956748962402e-01 1.010555982589721680e+00 1.025022268295288086e+00 1.046206951141357422e+00 1.074206471443176270e+00 1.087991476058959961e+00 1.082673907279968262e+00 1.048598885536193848e+00 1.020472764968872070e+00 9.974070787429809570e-01 9.825019240379333496e-01 9.596378207206726074e-01 9.501740932464599609e-01 9.318657517433166504e-01 9.315278530120849609e-01 9.088021516799926758e-01 9.073284864425659180e-01 9.012076854705810547e-01 8.928117156028747559e-01 9.035354852676391602e-01 9.126583337783813477e-01 9.154298901557922363e-01 8.917025923728942871e-01 8.945732712745666504e-01 8.849952220916748047e-01 8.831212520599365234e-01 9.086919426918029785e-01 8.988668918609619141e-01 9.216007590293884277e-01 9.078558683395385742e-01 9.146478176116943359e-01 9.087809920310974121e-01 9.136449098587036133e-01 9.171819090843200684e-01 9.276407361030578613e-01 9.228524565696716309e-01 9.164442420005798340e-01 9.197812676429748535e-01 9.159677624702453613e-01
1.029844760894775391e+00 1.034715414047241211e+00 1.037553071975708008e+00 1.040336012840270996e+00 1.045706272125244141e+00 1.042043089866638184e+00 1.037551999092102051e+00 1.045587420463562012e+00 1.054127573966979980e+00 1.054895401000976562e+00 1.044398903846740723e+00 1.018566966056823730e+00 1.007510423660278320e+00 1.017578125000000000e+00 1.039242863655090332e+00 1.047961950302124023e+00 1.051340579986572266e+00 1.048771739006042480e+00 1.040068030357360840e+00 1.032581210136413574e+00 1.032723546028137207e+00 1.033523440361022949e+00 1.025120854377746582e+00 1.006839752197265625e+00 1.004428982734680176e+00 1.012009501457214355e+00 1.014061331748962402e+00 1.018248081207275391e+00 1.020951867103576660e+00 1.023663163185119629e+00 1.019699573516845703e+00 1.030485987663269043e+00 1.035701990127563477e+00 1.033999562263488770e+00 1.034843206405639648e+00 1.011125564575195312e+00 9.910222887992858887e-01 9.556254744529724121e-01 9.246152639389038086e-01 9.084191322326660156e-01 8.964743018150329590e-01 8.917373418807983398e-01 8.868772387504577637e-01 8.794860243797302246e-01 8.833730220794677734e-01 8.809748291969299316e-01 8.783299922943115234e-01 8.738276958465576172e-01 8.794944286346435547e-01 8.822128176689147949e-01 8.823430538177490234e-01 8.965154886245727539e-01 8.994588851928710938e-01 9.028238058090209961e-01 9.115931391716003418e-01 9.201874136924743652e-01 9.279230237007141113e-01 9.485411643981933594e-01 9.616912603378295898e-01 9.737465977668762207e-01 9.894939064979553223e-01 1.011642336845397949e+00 1.028779149055480957e+00 1.050112962722778320e+00 1.078631401062011719e+00 1.113384842872619629e+00 1.100612521171569824e+00 1.068381190299987793e+00 1.034167528152465820e+00 1.014275789260864258e+00 9.951068162918090820e-01 9.608058929443359375e-01 9.577785134315490723e-01 9.562785625457763672e-01 9.378527998924255371e-01 9.181344509124755859e-01 9.124566316604614258e-01 8.997758626937866211e-01 8.949251770973205566e-01 9.026790261268615723e-01 9.108362197875976562e-01 9.070819020271301270e-01 8.967424035072326660e-01 8.969264626502990723e-01 8.847329616546630859e-01 8.883575797080993652e-01 9.045562744140625000e-01 8.967626690864562988e-01 9.221156835556030273e-01 9.083220958709716797e-01 9.122363328933715820e-01 9.166011810302734375e-01 9.268875718116760254e-01 9.162467122077941895e-01 9.216765165328979492e-01 9.217318892478942871e-01 9.200873970985412598e-01 9.079144001007080078e-01 9.119582772254943848e-01
1.030090689659118652e+00 1.033304691314697266e+00 1.037873268127441406e+00 1.043414831161499023e+00 1.046441435813903809e+00 1.050279974937438965e+00 1.046487212181091309e+00 1.049895644187927246e+00 1.056269884109497070e+00 1.050196647644042969e+00 1.040703535079956055e+00 1.023050546646118164e+00 1.017578125000000000e+00 1.004455327987670898e+00 1.032252073287963867e+00 1.045947074890136719e+00 1.052529931068420410e+00 1.051090717315673828e+00 1.044407725334167480e+00 1.035130023956298828e+00 1.036871075630187988e+00 1.026810288429260254e+00 1.026028156280517578e+00 1.011474490165710449e+00 1.012743830680847168e+00 1.019066691398620605e+00 1.015506505966186523e+00 1.022784590721130371e+00 1.022447586059570312e+00 1.030112028121948242e+00 1.020049929618835449e+00 1.023798108100891113e+00 1.036325573921203613e+00 1.040866613388061523e+00 1.034790873527526855e+00 1.010690331459045410e+00 9.950020909309387207e-01 9.584972262382507324e-01 9.212827682495117188e-01 9.132983088493347168e-01 9.044834971427917480e-01 8.897913098335266113e-01 8.830067515373229980e-01 8.785002827644348145e-01 8.855137228965759277e-01 8.826255202293395996e-01 8.774558901786804199e-01 8.722745776176452637e-01 8.806479573249816895e-01 8.937910199165344238e-01 8.946676850318908691e-01 9.073933362960815430e-01 9.063951373100280762e-01 9.144979119300842285e-01 9.151765108108520508e-01 9.203612804412841797e-01 9.381368160247802734e-01 9.608798623085021973e-01 9.715402126312255859e-01 9.843090772628784180e-01 1.000077962875366211e+00 1.022184610366821289e+00 1.046929717063903809e+00 1.062336921691894531e+00 1.080665588378906250e+00 1.122236132621765137e+00 1.122791409492492676e+00 1.087504625320434570e+00 1.050652503967285156e+00 1.028054356575012207e+00 1.007381200790405273e+00 9.803099632263183594e-01 9.678815007209777832e-01 9.498395323753356934e-01 9.375486969947814941e-01 9.232069849967956543e-01 9.104187488555908203e-01 9.132287502288818359e-01 9.027643203735351562e-01 9.085841178894042969e-01 9.109185338020324707e-01 8.919075727462768555e-01 8.919594287872314453e-01 8.930588364601135254e-01 8.861789703369140625e-01 8.935714364051818848e-01 8.926013708114624023e-01 8.968735337257385254e-01 9.087470173835754395e-01 9.020367264747619629e-01 9.125956892967224121e-01 9.165553450584411621e-01 9.197809696197509766e-01 9.122729301452636719e-01 9.182474017143249512e-01 9.326307177543640137e-01 9.373884201049804688e-01 9.390575885772705078e-01 9.233035445213317871e-01
1.033100008964538574e+00 1.037379264831542969e+00 1.042634844779968262e+00 1.040710687637329102e+00 1.046117305755615234e+00 1.046623349189758301e+00 1.049917221069335938e+00 1.050439953804016113e+00 1.051610827445983887e+00 1.050386428833007812e+00 1.041622161865234375e+00 1.037486672401428223e+00 1.039242863655090332e+00 1.032252073287963867e+00 1.018768668174743652e+00 1.018428802490234375e+00 1.047490477561950684e+00 1.066079854965209961e+00 1.058197736740112305e+00 1.045529842376708984e+00 1.041045308113098145e+00 1.031834363937377930e+00 1.025453567504882812e+00 1.013496398925781250e+00 1.019705295562744141e+00 1.025705575942993164e+00 1.025266289710998535e+00 1.030498027801513672e+00 1.025668978691101074e+00 1.027165532112121582e+00 1.014392614364624023e+00 1.018903732299804688e+00 1.035361886024475098e+00 1.041870236396789551e+00 1.030854582786560059e+00 1.009575128555297852e+00 9.864507913589477539e-01 9.607851505279541016e-01 9.283124208450317383e-01 9.158817529678344727e-01 9.024784564971923828e-01 8.899731636047363281e-01 8.919013738632202148e-01 8.837148547172546387e-01 8.852981328964233398e-01 8.858820796012878418e-01 8.814070224761962891e-01 8.776268959045410156e-01 8.900333642959594727e-01 8.957307338714599609e-01 9.071838855743408203e-01 9.199934601783752441e-01 9.167270064353942871e-01 9.193310141563415527e-01 9.258820414543151855e-01 9.333431124687194824e-01 9.456111788749694824e-01 9.721957445144653320e-01 9.863675832748413086e-01 1.000699281692504883e+00 1.017844319343566895e+00 1.036593794822692871e+00 1.055842161178588867e+00 1.069553136825561523e+00 1.114494323730468750e+00 1.167558789253234863e+00 1.142831325531005859e+00 1.113451957702636719e+00 1.073990464210510254e+00 1.054067730903625488e+00 1.025366306304931641e+00 9.977265596389770508e-01 9.766745567321777344e-01 9.489818215370178223e-01 9.290319085121154785e-01 9.222121834754943848e-01 9.257912635803222656e-01 9.384961128234863281e-01 9.268060326576232910e-01 9.224291443824768066e-01 9.193638563156127930e-01 9.099910259246826172e-01 9.016358256340026855e-01 9.086218476295471191e-01 8.968455195426940918e-01 8.883260488510131836e-01 9.029989242553710938e-01 8.978615999221801758e-01 9.060748219490051270e-01 9.209562540054321289e-01 9.296844005584716797e-01 9.235596060752868652e-01 9.261553883552551270e-01 9.245748519897460938e-01 9.331898093223571777e-01 9.422892928123474121e-01 9.359316229820251465e-01 9.353229403495788574e-01 9.397794604301452637e-01
1.031388044357299805e+00 1.032197713851928711e+00 1.030613541603088379e+00 1.039187550544738770e+00 1.038987040519714355e+00 1.037243366241455078e+00 1.043646097183227539e+00 1.045697212219238281e+00 1.051138281822204590e+00 1.047698140144348145e+00 1.035099864006042480e+00 1.039156436920166016e+00 1.047961950302124023e+00 1.045947074890136719e+00 1.018428802490234375e+00 1.004855990409851074e+00 1.033947348594665527e+00 1.066567301750183105e+00 1.062624335289001465e+00 1.058872342109680176e+00 1.045718073844909668e+00 1.031206250190734863e+00 1.027495980262756348e+00 1.014824628829956055e+00 1.020052909851074219e+00 1.025566577911376953e+00 1.022978544235229492e+00 1.026009678840637207e+00 1.019667148590087891e+00 1.022104024887084961e+00 1.017949938774108887e+00 1.016620874404907227e+00 1.028476238250732422e+00 1.024346232414245605e+00 1.025851011276245117e+00 9.999359846115112305e-01 9.782112836837768555e-01 9.511701464653015137e-01 9.266397953033447266e-01 9.192538857460021973e-01 9.042916297912597656e-01 8.921647667884826660e-01 8.964860439300537109e-01 8.917256593704223633e-01 8.876388072967529297e-01 8.908682465553283691e-01 8.847488760948181152e-01 8.827446103096008301e-01 8.966690897941589355e-01 9.060836434364318848e-01 9.110796451568603516e-01 9.273206591606140137e-01 9.237595200538635254e-01 9.328184127807617188e-01 9.374411106109619141e-01 9.394223690032958984e-01 9.510810971260070801e-01 9.840795993804931641e-01 1.004729866981506348e+00 1.021710634231567383e+00 1.033289551734924316e+00 1.042932271957397461e+00 1.058094143867492676e+00 1.077910542488098145e+00 1.121043086051940918e+00 1.170654177665710449e+00 1.143528699874877930e+00 1.112381339073181152e+00 1.085587024688720703e+00 1.050395607948303223e+00 1.017996788024902344e+00 1.000377058982849121e+00 9.834348559379577637e-01 9.579710364341735840e-01 9.401689767837524414e-01 9.290467500686645508e-01 9.361587762832641602e-01 9.456005692481994629e-01 9.416229724884033203e-01 9.327139258384704590e-01 9.276935458183288574e-01 9.135604500770568848e-01 9.089924693107604980e-01 9.236254096031188965e-01 9.118449687957763672e-01 9.081795811653137207e-01 9.426499605178833008e-01 9.090031981468200684e-01 9.290671944618225098e-01 9.289293289184570312e-01 9.272875785827636719e-01 9.300448298454284668e-01 9.339877367019653320e-01 9.363084435462951660e-01 9.322179555892944336e-01 9.342694878578186035e-01 9.399171471595764160e-01 9.426668286323547363e-01 9.437193870544433594e-01
