1.091151714324951172e+00 1.123701691627502441e+00 1.169203996658325195e+00 1.197615265846252441e+00 1.221198558807373047e+00 1.238016366958618164e+00 1.248769760131835938e+00 1.262457370758056641e+00 1.273729681968688965e+00 1.281310677528381348e+00 1.288652181625366211e+00 1.292312383651733398e+00 1.298144459724426270e+00 1.300636887550354004e+00 1.302362084388732910e+00 1.309146881103515625e+00 1.307392120361328125e+00 1.314325571060180664e+00 1.318451642990112305e+00 1.320381283760070801e+00 1.320247173309326172e+00 1.322384119033813477e+00 1.327415823936462402e+00 1.332754373550415039e+00 1.334198713302612305e+00 1.336388230323791504e+00 1.335276007652282715e+00 1.340576171875000000e+00 1.337097883224487305e+00 1.333642601966857910e+00 1.326378941535949707e+00 1.312262296676635742e+00 1.304870605468750000e+00 1.285610198974609375e+00 1.267768859863281250e+00 1.252651691436767578e+00 1.243570446968078613e+00 1.231395125389099121e+00 1.228332757949829102e+00 1.220808625221252441e+00 1.218634724617004395e+00 1.217361688613891602e+00 1.214363217353820801e+00 1.202735662460327148e+00 1.191293239593505859e+00 1.189720392227172852e+00 1.184047222137451172e+00 1.177150487899780273e+00 1.170444369316101074e+00 1.158447265625000000e+00 1.177017927169799805e+00 1.176321387290954590e+00 1.175558090209960938e+00 1.179201126098632812e+00 1.186711668968200684e+00 1.193069458007812500e+00 1.192570686340332031e+00 1.190358161926269531e+00 1.193358182907104492e+00 1.200127243995666504e+00 1.214645028114318848e+00 1.217595696449279785e+00 1.222038865089416504e+00 1.229555249214172363e+00 1.234602451324462891e+00 1.239818334579467773e+00 1.231369495391845703e+00 1.226362705230712891e+00 1.210644364356994629e+00 1.204219102859497070e+00 1.198871374130249023e+00 1.195181369781494141e+00 1.176049470901489258e+00 1.165454626083374023e+00 1.166337966918945312e+00 1.159437775611877441e+00 1.156867504119873047e+00 1.147178292274475098e+00 1.149480223655700684e+00 1.131962776184082031e+00 1.125280857086181641e+00 1.120038390159606934e+00 1.125974416732788086e+00 1.133931875228881836e+00 1.133362174034118652e+00 1.125616788864135742e+00 1.125953912734985352e+00 1.128183245658874512e+00 1.125725507736206055e+00 1.123464941978454590e+00 1.118727445602416992e+00 1.116164803504943848e+00 1.125017046928405762e+00 1.122749686241149902e+00 1.123358130455017090e+00 1.123349070549011230e+00 1.122961044311523438e+00 1.124238610267639160e+00 1.120181560516357422e+00
1.123701691627502441e+00 1.079566717147827148e+00 1.113275408744812012e+00 1.156177401542663574e+00 1.180914998054504395e+00 1.201256990432739258e+00 1.221243977546691895e+00 1.241302371025085449e+00 1.257305026054382324e+00 1.267105817794799805e+00 1.275859594345092773e+00 1.280518293380737305e+00 1.286589145660400391e+00 1.293491959571838379e+00 1.295035958290100098e+00 1.299330830574035645e+00 1.299390196800231934e+00 1.305496931076049805e+00 1.308814048767089844e+00 1.311213612556457520e+00 1.308674216270446777e+00 1.315591692924499512e+00 1.319521427154541016e+00 1.322921752929687500e+00 1.321848988533020020e+00 1.322501897811889648e+00 1.323299527168273926e+00 1.327597737312316895e+00 1.328622698783874512e+00 1.321440100669860840e+00 1.318007707595825195e+00 1.306689500808715820e+00 1.298137068748474121e+00 1.281174898147583008e+00 1.261265039443969727e+00 1.252624630928039551e+00 1.243300557136535645e+00 1.230175614356994629e+00 1.222703576087951660e+00 1.218470096588134766e+00 1.210560798645019531e+00 1.202825784683227539e+00 1.199824571609497070e+00 1.191334009170532227e+00 1.183242678642272949e+00 1.175866603851318359e+00 1.172264814376831055e+00 1.163575172424316406e+00 1.158455729484558105e+00 1.148938775062561035e+00 1.169566154479980469e+00 1.166765928268432617e+00 1.172374486923217773e+00 1.171572089195251465e+00 1.172777056694030762e+00 1.182718157768249512e+00 1.184183001518249512e+00 1.190388798713684082e+00 1.193257570266723633e+00 1.193861126899719238e+00 1.201886057853698730e+00 1.206218123435974121e+00 1.216048240661621094e+00 1.224602460861206055e+00 1.231240987777709961e+00 1.227870941162109375e+00 1.223187565803527832e+00 1.217374801635742188e+00 1.203345894813537598e+00 1.192931294441223145e+00 1.185826182365417480e+00 1.175600886344909668e+00 1.163322806358337402e+00 1.155370354652404785e+00 1.156099319458007812e+00 1.149114489555358887e+00 1.145122170448303223e+00 1.141635537147521973e+00 1.137630224227905273e+00 1.137802243232727051e+00 1.136978030204772949e+00 1.127619504928588867e+00 1.129432678222656250e+00 1.126793861389160156e+00 1.124786496162414551e+00 1.125561118125915527e+00 1.124593377113342285e+00 1.129478931427001953e+00 1.128439784049987793e+00 1.125659704208374023e+00 1.123339891433715820e+00 1.123257875442504883e+00 1.127213716506958008e+00 1.125433683395385742e+00 1.122835755348205566e+00 1.124061346054077148e+00 1.116424798965454102e+00 1.116144895553588867e+00 1.122762084007263184e+00
1.169203996658325195e+00 1.113275408744812012e+00 1.085284590721130371e+00 1.111494660377502441e+00 1.146550297737121582e+00 1.174827098846435547e+00 1.197981953620910645e+00 1.220729947090148926e+00 1.240288615226745605e+00 1.253833770751953125e+00 1.265025496482849121e+00 1.272839784622192383e+00 1.278827667236328125e+00 1.284611821174621582e+00 1.284938454627990723e+00 1.289420962333679199e+00 1.291668295860290527e+00 1.297458648681640625e+00 1.301352739334106445e+00 1.303344607353210449e+00 1.301780223846435547e+00 1.308375120162963867e+00 1.313823103904724121e+00 1.315503239631652832e+00 1.313989639282226562e+00 1.315417170524597168e+00 1.313622355461120605e+00 1.314526438713073730e+00 1.318249464035034180e+00 1.313967704772949219e+00 1.310106039047241211e+00 1.303110718727111816e+00 1.293222427368164062e+00 1.274544477462768555e+00 1.256025552749633789e+00 1.249602794647216797e+00 1.240348577499389648e+00 1.227312684059143066e+00 1.223933458328247070e+00 1.219505906105041504e+00 1.209246754646301270e+00 1.202985167503356934e+00 1.200865983963012695e+00 1.194572448730468750e+00 1.188791036605834961e+00 1.181801080703735352e+00 1.178333759307861328e+00 1.171458721160888672e+00 1.165716290473937988e+00 1.154360890388488770e+00 1.174599528312683105e+00 1.170552730560302734e+00 1.174001812934875488e+00 1.176941156387329102e+00 1.181761264801025391e+00 1.187056064605712891e+00 1.190896987915039062e+00 1.197468161582946777e+00 1.205009698867797852e+00 1.202951192855834961e+00 1.212098240852355957e+00 1.209563851356506348e+00 1.220077991485595703e+00 1.230220794677734375e+00 1.240853309631347656e+00 1.240314006805419922e+00 1.231633305549621582e+00 1.223611354827880859e+00 1.209803342819213867e+00 1.201032638549804688e+00 1.189410805702209473e+00 1.183556437492370605e+00 1.171946883201599121e+00 1.161996960639953613e+00 1.165890216827392578e+00 1.154674410820007324e+00 1.148795723915100098e+00 1.147137880325317383e+00 1.144493222236633301e+00 1.142066121101379395e+00 1.145857810974121094e+00 1.137521505355834961e+00 1.135333061218261719e+00 1.134897828102111816e+00 1.129099369049072266e+00 1.133477091789245605e+00 1.132480978965759277e+00 1.134134292602539062e+00 1.134357452392578125e+00 1.129164934158325195e+00 1.126846194267272949e+00 1.126312255859375000e+00 1.131796836853027344e+00 1.121029853820800781e+00 1.123911023139953613e+00 1.123880147933959961e+00 1.123503208160400391e+00 1.119215607643127441e+00 1.124707818031311035e+00
1.197615265846252441e+00 1.156177401542663574e+00 1.111494660377502441e+00 1.075383186340332031e+00 1.103670239448547363e+00 1.140945911407470703e+00 1.167909145355224609e+00 1.196069717407226562e+00 1.222730875015258789e+00 1.243294358253479004e+00 1.256608963012695312e+00 1.265188336372375488e+00 1.270911216735839844e+00 1.275417804718017578e+00 1.277032375335693359e+00 1.280122399330139160e+00 1.281302094459533691e+00 1.289242982864379883e+00 1.293328404426574707e+00 1.293903589248657227e+00 1.297701597213745117e+00 1.303089022636413574e+00 1.308859705924987793e+00 1.313625216484069824e+00 1.313849329948425293e+00 1.311400175094604492e+00 1.308919906616210938e+00 1.311155319213867188e+00 1.313440203666687012e+00 1.311977267265319824e+00 1.310764074325561523e+00 1.301884889602661133e+00 1.291690349578857422e+00 1.270811557769775391e+00 1.254959106445312500e+00 1.248292207717895508e+00 1.240281224250793457e+00 1.229652523994445801e+00 1.228874325752258301e+00 1.224322319030761719e+00 1.212623834609985352e+00 1.206615805625915527e+00 1.202869176864624023e+00 1.197919249534606934e+00 1.195232272148132324e+00 1.188904404640197754e+00 1.180990457534790039e+00 1.177785515785217285e+00 1.173342347145080566e+00 1.159384369850158691e+00 1.179218649864196777e+00 1.178870677947998047e+00 1.180703043937683105e+00 1.183200120925903320e+00 1.189846158027648926e+00 1.198029160499572754e+00 1.198240518569946289e+00 1.203449606895446777e+00 1.208964943885803223e+00 1.211562991142272949e+00 1.216539502143859863e+00 1.220120310783386230e+00 1.230534195899963379e+00 1.241457700729370117e+00 1.245967030525207520e+00 1.245414972305297852e+00 1.238531947135925293e+00 1.232124447822570801e+00 1.213530659675598145e+00 1.206544518470764160e+00 1.197296619415283203e+00 1.190474390983581543e+00 1.178234100341796875e+00 1.173354864120483398e+00 1.175770878791809082e+00 1.167229056358337402e+00 1.158545851707458496e+00 1.151959300041198730e+00 1.150390863418579102e+00 1.148388624191284180e+00 1.149405002593994141e+00 1.144419670104980469e+00 1.146483302116394043e+00 1.139367580413818359e+00 1.137335062026977539e+00 1.140093684196472168e+00 1.135840177536010742e+00 1.139413595199584961e+00 1.136696457862854004e+00 1.133374691009521484e+00 1.128210783004760742e+00 1.130587220191955566e+00 1.126250863075256348e+00 1.117374181747436523e+00 1.122013568878173828e+00 1.123616099357604980e+00 1.121990561485290527e+00 1.117172598838806152e+00 1.120307564735412598e+00
1.221198558807373047e+00 1.180914998054504395e+00 1.146550297737121582e+00 1.103670239448547363e+00 1.075863718986511230e+00 1.100299954414367676e+00 1.135998010635375977e+00 1.171908020973205566e+00 1.203208565711975098e+00 1.227481007575988770e+00 1.242110371589660645e+00 1.250795841217041016e+00 1.259056806564331055e+00 1.266176700592041016e+00 1.266661882400512695e+00 1.268048286437988281e+00 1.271268248558044434e+00 1.274818897247314453e+00 1.280097842216491699e+00 1.283379197120666504e+00 1.286434531211853027e+00 1.292559504508972168e+00 1.300224900245666504e+00 1.307499885559082031e+00 1.306965112686157227e+00 1.303222537040710449e+00 1.305284023284912109e+00 1.307612180709838867e+00 1.309183716773986816e+00 1.306437134742736816e+00 1.303207993507385254e+00 1.293374538421630859e+00 1.286322355270385742e+00 1.266197443008422852e+00 1.253669142723083496e+00 1.246203422546386719e+00 1.241444110870361328e+00 1.229905366897583008e+00 1.227268695831298828e+00 1.222257137298583984e+00 1.212874174118041992e+00 1.208824038505554199e+00 1.206072449684143066e+00 1.198240876197814941e+00 1.196067333221435547e+00 1.190773248672485352e+00 1.183719635009765625e+00 1.181798100471496582e+00 1.176832199096679688e+00 1.165874838829040527e+00 1.188911914825439453e+00 1.185432076454162598e+00 1.191526412963867188e+00 1.193701267242431641e+00 1.198948740959167480e+00 1.206608414649963379e+00 1.211228728294372559e+00 1.211868882179260254e+00 1.213894724845886230e+00 1.217671275138854980e+00 1.219405293464660645e+00 1.222390532493591309e+00 1.233707547187805176e+00 1.242026567459106445e+00 1.246648311614990234e+00 1.246972799301147461e+00 1.245199680328369141e+00 1.240011692047119141e+00 1.219660282135009766e+00 1.205178499221801758e+00 1.196648955345153809e+00 1.193234920501708984e+00 1.181773185729980469e+00 1.182426810264587402e+00 1.188107371330261230e+00 1.179484844207763672e+00 1.168332934379577637e+00 1.160810112953186035e+00 1.156384706497192383e+00 1.151646852493286133e+00 1.152282595634460449e+00 1.151368260383605957e+00 1.155039548873901367e+00 1.148264288902282715e+00 1.142781734466552734e+00 1.147780299186706543e+00 1.138409495353698730e+00 1.139510273933410645e+00 1.130688428878784180e+00 1.131468892097473145e+00 1.132652640342712402e+00 1.132134556770324707e+00 1.130352497100830078e+00 1.126890182495117188e+00 1.127364516258239746e+00 1.129571199417114258e+00 1.118646860122680664e+00 1.115582585334777832e+00 1.119888663291931152e+00
1.238016366958618164e+00 1.201256990432739258e+00 1.174827098846435547e+00 1.140945911407470703e+00 1.100299954414367676e+00 1.069759726524353027e+00 1.086886167526245117e+00 1.134840488433837891e+00 1.174245595932006836e+00 1.203624963760375977e+00 1.221480131149291992e+00 1.233595848083496094e+00 1.244205713272094727e+00 1.252676725387573242e+00 1.254070878028869629e+00 1.256831526756286621e+00 1.258377075195312500e+00 1.262568354606628418e+00 1.268175482749938965e+00 1.274323344230651855e+00 1.279071807861328125e+00 1.286356210708618164e+00 1.291368722915649414e+00 1.295802354812622070e+00 1.298217177391052246e+00 1.295016288757324219e+00 1.298234105110168457e+00 1.300655364990234375e+00 1.304471731185913086e+00 1.296923875808715820e+00 1.294677257537841797e+00 1.284691929817199707e+00 1.277604341506958008e+00 1.259990572929382324e+00 1.246594309806823730e+00 1.241295933723449707e+00 1.235697031021118164e+00 1.221961736679077148e+00 1.219301223754882812e+00 1.214716076850891113e+00 1.208407878875732422e+00 1.206803679466247559e+00 1.202455163002014160e+00 1.192685365676879883e+00 1.193236231803894043e+00 1.186191320419311523e+00 1.179306507110595703e+00 1.176448345184326172e+00 1.174579381942749023e+00 1.163445353507995605e+00 1.189235210418701172e+00 1.184875369071960449e+00 1.189602851867675781e+00 1.196801185607910156e+00 1.206194877624511719e+00 1.212430834770202637e+00 1.216335892677307129e+00 1.215159893035888672e+00 1.217426419258117676e+00 1.217538952827453613e+00 1.222161412239074707e+00 1.225065231323242188e+00 1.234844207763671875e+00 1.237724781036376953e+00 1.243096351623535156e+00 1.247983574867248535e+00 1.246485114097595215e+00 1.242959976196289062e+00 1.225874543190002441e+00 1.209046959877014160e+00 1.198884367942810059e+00 1.194286942481994629e+00 1.180236697196960449e+00 1.180461645126342773e+00 1.186513066291809082e+00 1.177945017814636230e+00 1.166049122810363770e+00 1.162158727645874023e+00 1.156984448432922363e+00 1.150430679321289062e+00 1.149516582489013672e+00 1.146416306495666504e+00 1.151884198188781738e+00 1.147747993469238281e+00 1.139828324317932129e+00 1.143352270126342773e+00 1.136443495750427246e+00 1.133994340896606445e+00 1.127633571624755859e+00 1.134756088256835938e+00 1.132061719894409180e+00 1.131702423095703125e+00 1.134918093681335449e+00 1.128715991973876953e+00 1.123102664947509766e+00 1.119652032852172852e+00 1.113089680671691895e+00 1.108125925064086914e+00 1.115677118301391602e+00
1.248769760131835938e+00 1.221243977546691895e+00 1.197981953620910645e+00 1.167909145355224609e+00 1.135998010635375977e+00 1.086886167526245117e+00 1.066825389862060547e+00 1.096969723701477051e+00 1.142840027809143066e+00 1.178152322769165039e+00 1.199412345886230469e+00 1.216969490051269531e+00 1.231397509574890137e+00 1.239035606384277344e+00 1.240185260772705078e+00 1.244282960891723633e+00 1.248021960258483887e+00 1.253780961036682129e+00 1.258092522621154785e+00 1.264313936233520508e+00 1.269652843475341797e+00 1.277431964874267578e+00 1.283381342887878418e+00 1.287635922431945801e+00 1.287860989570617676e+00 1.286772727966308594e+00 1.290740609169006348e+00 1.298315405845642090e+00 1.300479173660278320e+00 1.292805433273315430e+00 1.288326978683471680e+00 1.277110099792480469e+00 1.270687341690063477e+00 1.253269076347351074e+00 1.238967537879943848e+00 1.235372304916381836e+00 1.228992223739624023e+00 1.219335675239562988e+00 1.216730475425720215e+00 1.212762475013732910e+00 1.207086324691772461e+00 1.205242395401000977e+00 1.202128529548645020e+00 1.193793773651123047e+00 1.190453171730041504e+00 1.184805870056152344e+00 1.180392026901245117e+00 1.176980495452880859e+00 1.176334738731384277e+00 1.164974570274353027e+00 1.189777851104736328e+00 1.188421368598937988e+00 1.196353554725646973e+00 1.203347921371459961e+00 1.213288307189941406e+00 1.219712495803833008e+00 1.221613883972167969e+00 1.219032883644104004e+00 1.219757080078125000e+00 1.220181345939636230e+00 1.226000070571899414e+00 1.226003170013427734e+00 1.234371900558471680e+00 1.239670395851135254e+00 1.250458598136901855e+00 1.249923825263977051e+00 1.250290393829345703e+00 1.245764493942260742e+00 1.229089379310607910e+00 1.215347170829772949e+00 1.202675580978393555e+00 1.193387746810913086e+00 1.184172868728637695e+00 1.182933926582336426e+00 1.184488177299499512e+00 1.172518134117126465e+00 1.167002797126770020e+00 1.163031458854675293e+00 1.160547494888305664e+00 1.150945901870727539e+00 1.150585174560546875e+00 1.146557927131652832e+00 1.150737762451171875e+00 1.152321815490722656e+00 1.150138974189758301e+00 1.145247817039489746e+00 1.139099001884460449e+00 1.138126254081726074e+00 1.132753729820251465e+00 1.136799573898315430e+00 1.132970452308654785e+00 1.130688309669494629e+00 1.133291244506835938e+00 1.127064943313598633e+00 1.123496294021606445e+00 1.118165850639343262e+00 1.108992099761962891e+00 1.106365561485290527e+00 1.110831856727600098e+00
1.262457370758056641e+00 1.241302371025085449e+00 1.220729947090148926e+00 1.196069717407226562e+00 1.171908020973205566e+00 1.134840488433837891e+00 1.096969723701477051e+00 1.067913532257080078e+00 1.105862259864807129e+00 1.151255488395690918e+00 1.177423477172851562e+00 1.196876645088195801e+00 1.212822556495666504e+00 1.226024508476257324e+00 1.230193495750427246e+00 1.234891891479492188e+00 1.238963007926940918e+00 1.245746135711669922e+00 1.252202630043029785e+00 1.256327152252197266e+00 1.262825369834899902e+00 1.270315170288085938e+00 1.279443979263305664e+00 1.282973408699035645e+00 1.283027529716491699e+00 1.280018687248229980e+00 1.284799337387084961e+00 1.291700959205627441e+00 1.295563578605651855e+00 1.287904620170593262e+00 1.283430695533752441e+00 1.272566199302673340e+00 1.265700340270996094e+00 1.249964833259582520e+00 1.238100290298461914e+00 1.231821775436401367e+00 1.224069952964782715e+00 1.216188788414001465e+00 1.216380953788757324e+00 1.210934042930603027e+00 1.205179095268249512e+00 1.203060269355773926e+00 1.199644565582275391e+00 1.195196866989135742e+00 1.193457365036010742e+00 1.188495159149169922e+00 1.186215043067932129e+00 1.182899832725524902e+00 1.181522846221923828e+00 1.172030687332153320e+00 1.196883440017700195e+00 1.199195027351379395e+00 1.202225804328918457e+00 1.206247687339782715e+00 1.219424366950988770e+00 1.229268908500671387e+00 1.231010794639587402e+00 1.224389433860778809e+00 1.223942637443542480e+00 1.222783923149108887e+00 1.231827974319458008e+00 1.230400919914245605e+00 1.240193843841552734e+00 1.244546651840209961e+00 1.255279183387756348e+00 1.253846406936645508e+00 1.254142761230468750e+00 1.248535990715026855e+00 1.232917904853820801e+00 1.218602180480957031e+00 1.210421562194824219e+00 1.200924515724182129e+00 1.195295214653015137e+00 1.194240331649780273e+00 1.188776135444641113e+00 1.182945370674133301e+00 1.174647927284240723e+00 1.168851733207702637e+00 1.166892647743225098e+00 1.159999728202819824e+00 1.162321448326110840e+00 1.156340241432189941e+00 1.155306935310363770e+00 1.159530401229858398e+00 1.157862186431884766e+00 1.152833938598632812e+00 1.144100069999694824e+00 1.142050027847290039e+00 1.136231303215026855e+00 1.132184505462646484e+00 1.130542874336242676e+00 1.128077507019042969e+00 1.129018545150756836e+00 1.121763467788696289e+00 1.121302008628845215e+00 1.118541359901428223e+00 1.107446789741516113e+00 1.105329990386962891e+00 1.115670084953308105e+00
1.273729681968688965e+00 1.257305026054382324e+00 1.240288615226745605e+00 1.222730875015258789e+00 1.203208565711975098e+00 1.174245595932006836e+00 1.142840027809143066e+00 1.105862259864807129e+00 1.075666308403015137e+00 1.103875279426574707e+00 1.144551396369934082e+00 1.173926830291748047e+00 1.196278572082519531e+00 1.211984634399414062e+00 1.221408128738403320e+00 1.225336790084838867e+00 1.231354832649230957e+00 1.239845275878906250e+00 1.247436761856079102e+00 1.253257274627685547e+00 1.260405659675598145e+00 1.268531799316406250e+00 1.275589466094970703e+00 1.279101014137268066e+00 1.279970288276672363e+00 1.279090166091918945e+00 1.279439926147460938e+00 1.286580681800842285e+00 1.290441751480102539e+00 1.283442258834838867e+00 1.278774142265319824e+00 1.267863512039184570e+00 1.263463973999023438e+00 1.246254563331604004e+00 1.233707070350646973e+00 1.226576209068298340e+00 1.221767663955688477e+00 1.213796496391296387e+00 1.212502121925354004e+00 1.207025527954101562e+00 1.202566623687744141e+00 1.198487401008605957e+00 1.197481513023376465e+00 1.194175839424133301e+00 1.196502566337585449e+00 1.190658688545227051e+00 1.186633348464965820e+00 1.185177206993103027e+00 1.186970233917236328e+00 1.177940368652343750e+00 1.200753569602966309e+00 1.203047633171081543e+00 1.208947777748107910e+00 1.213209033012390137e+00 1.228801131248474121e+00 1.233638525009155273e+00 1.229451179504394531e+00 1.224392652511596680e+00 1.224041104316711426e+00 1.224120259284973145e+00 1.231784105300903320e+00 1.228669881820678711e+00 1.240083336830139160e+00 1.249802708625793457e+00 1.253199458122253418e+00 1.254721641540527344e+00 1.257871150970458984e+00 1.250578284263610840e+00 1.237385869026184082e+00 1.219851136207580566e+00 1.216498613357543945e+00 1.211180090904235840e+00 1.203718423843383789e+00 1.195390701293945312e+00 1.193416714668273926e+00 1.185582518577575684e+00 1.180569529533386230e+00 1.177940368652343750e+00 1.170963048934936523e+00 1.165529370307922363e+00 1.165354132652282715e+00 1.163870930671691895e+00 1.161569476127624512e+00 1.157540082931518555e+00 1.159774065017700195e+00 1.153793692588806152e+00 1.143295168876647949e+00 1.140647530555725098e+00 1.133103847503662109e+00 1.130234122276306152e+00 1.132167458534240723e+00 1.130851864814758301e+00 1.129864215850830078e+00 1.122286438941955566e+00 1.120937943458557129e+00 1.116939425468444824e+00 1.110988855361938477e+00 1.110261321067810059e+00 1.115623116493225098e+00
1.281310677528381348e+00 1.267105817794799805e+00 1.253833770751953125e+00 1.243294358253479004e+00 1.227481007575988770e+00 1.203624963760375977e+00 1.178152322769165039e+00 1.151255488395690918e+00 1.103875279426574707e+00 1.076796650886535645e+00 1.098159909248352051e+00 1.142585277557373047e+00 1.172921061515808105e+00 1.195614576339721680e+00 1.208686470985412598e+00 1.215805411338806152e+00 1.223186612129211426e+00 1.233619213104248047e+00 1.241649150848388672e+00 1.248181343078613281e+00 1.253227591514587402e+00 1.260252594947814941e+00 1.266990184783935547e+00 1.272366523742675781e+00 1.270949125289916992e+00 1.270814061164855957e+00 1.274367094039916992e+00 1.277103543281555176e+00 1.281698703765869141e+00 1.278393864631652832e+00 1.273622751235961914e+00 1.263841867446899414e+00 1.257832884788513184e+00 1.241049170494079590e+00 1.225433111190795898e+00 1.219037175178527832e+00 1.215436100959777832e+00 1.208712935447692871e+00 1.208038926124572754e+00 1.201921343803405762e+00 1.197968244552612305e+00 1.193711519241333008e+00 1.192464828491210938e+00 1.188485503196716309e+00 1.189743757247924805e+00 1.188948988914489746e+00 1.186043500900268555e+00 1.184036254882812500e+00 1.186733484268188477e+00 1.178828001022338867e+00 1.205382585525512695e+00 1.205083131790161133e+00 1.211566090583801270e+00 1.214175939559936523e+00 1.220121264457702637e+00 1.227152943611145020e+00 1.227268576622009277e+00 1.230281591415405273e+00 1.228620767593383789e+00 1.230028986930847168e+00 1.235556244850158691e+00 1.236536383628845215e+00 1.247375249862670898e+00 1.253748774528503418e+00 1.262721300125122070e+00 1.265122175216674805e+00 1.262691259384155273e+00 1.260281682014465332e+00 1.246228933334350586e+00 1.231626987457275391e+00 1.224133491516113281e+00 1.219100475311279297e+00 1.211945891380310059e+00 1.203564763069152832e+00 1.201953053474426270e+00 1.193392395973205566e+00 1.186439275741577148e+00 1.188074946403503418e+00 1.181988835334777832e+00 1.172171354293823242e+00 1.171642899513244629e+00 1.162880063056945801e+00 1.160261273384094238e+00 1.157609939575195312e+00 1.152680516242980957e+00 1.148934006690979004e+00 1.145793080329895020e+00 1.144791603088378906e+00 1.135567545890808105e+00 1.134393572807312012e+00 1.136847257614135742e+00 1.131887912750244141e+00 1.128142833709716797e+00 1.119850277900695801e+00 1.119233489036560059e+00 1.116242766380310059e+00 1.112061142921447754e+00 1.107588410377502441e+00 1.118315458297729492e+00
1.288652181625366211e+00 1.275859594345092773e+00 1.265025496482849121e+00 1.256608963012695312e+00 1.242110371589660645e+00 1.221480131149291992e+00 1.199412345886230469e+00 1.177423477172851562e+00 1.144551396369934082e+00 1.098159909248352051e+00 1.081732273101806641e+00 1.110567808151245117e+00 1.142324566841125488e+00 1.173995614051818848e+00 1.193605065345764160e+00 1.201930284500122070e+00 1.212233424186706543e+00 1.225749969482421875e+00 1.236924648284912109e+00 1.242161870002746582e+00 1.249595761299133301e+00 1.260271072387695312e+00 1.264762878417968750e+00 1.267763853073120117e+00 1.266505837440490723e+00 1.264309883117675781e+00 1.266770601272583008e+00 1.269092798233032227e+00 1.274198651313781738e+00 1.273155689239501953e+00 1.266557931900024414e+00 1.256246209144592285e+00 1.249415755271911621e+00 1.236023783683776855e+00 1.222066283226013184e+00 1.215277314186096191e+00 1.211682081222534180e+00 1.204970598220825195e+00 1.201692581176757812e+00 1.199015140533447266e+00 1.195147633552551270e+00 1.191898345947265625e+00 1.189823269844055176e+00 1.187896132469177246e+00 1.187377929687500000e+00 1.185569643974304199e+00 1.183383941650390625e+00 1.184038877487182617e+00 1.183908104896545410e+00 1.181524515151977539e+00 1.206438779830932617e+00 1.207899451255798340e+00 1.214267611503601074e+00 1.215688109397888184e+00 1.221995711326599121e+00 1.228112936019897461e+00 1.229038596153259277e+00 1.229831337928771973e+00 1.233404517173767090e+00 1.232706904411315918e+00 1.238130450248718262e+00 1.241333246231079102e+00 1.252176403999328613e+00 1.260910630226135254e+00 1.267948389053344727e+00 1.264173626899719238e+00 1.269341111183166504e+00 1.262300014495849609e+00 1.244278073310852051e+00 1.231243968009948730e+00 1.228898882865905762e+00 1.219167709350585938e+00 1.212392807006835938e+00 1.208441615104675293e+00 1.206397533416748047e+00 1.194913506507873535e+00 1.190388202667236328e+00 1.185099720954895020e+00 1.182256221771240234e+00 1.177988409996032715e+00 1.173995018005371094e+00 1.163609147071838379e+00 1.162088513374328613e+00 1.163580775260925293e+00 1.155512928962707520e+00 1.155819296836853027e+00 1.149711608886718750e+00 1.153323054313659668e+00 1.144919633865356445e+00 1.142004370689392090e+00 1.139023423194885254e+00 1.136016011238098145e+00 1.135245084762573242e+00 1.126066684722900391e+00 1.121108055114746094e+00 1.125549912452697754e+00 1.120695829391479492e+00 1.110300421714782715e+00 1.111688971519470215e+00
1.292312383651733398e+00 1.280518293380737305e+00 1.272839784622192383e+00 1.265188336372375488e+00 1.250795841217041016e+00 1.233595848083496094e+00 1.216969490051269531e+00 1.196876645088195801e+00 1.173926830291748047e+00 1.142585277557373047e+00 1.110567808151245117e+00 1.077706098556518555e+00 1.092805147171020508e+00 1.138105988502502441e+00 1.167278766632080078e+00 1.180828690528869629e+00 1.195720314979553223e+00 1.213670015335083008e+00 1.227362632751464844e+00 1.233587503433227539e+00 1.239724636077880859e+00 1.248531937599182129e+00 1.254712581634521484e+00 1.258925080299377441e+00 1.258996129035949707e+00 1.256873846054077148e+00 1.254578590393066406e+00 1.260317325592041016e+00 1.265402913093566895e+00 1.261949419975280762e+00 1.260963916778564453e+00 1.250181198120117188e+00 1.243762731552124023e+00 1.228340744972229004e+00 1.215962529182434082e+00 1.210297107696533203e+00 1.206876158714294434e+00 1.198867559432983398e+00 1.194696426391601562e+00 1.191361665725708008e+00 1.190508127212524414e+00 1.187909483909606934e+00 1.188060641288757324e+00 1.185704231262207031e+00 1.185594320297241211e+00 1.185541629791259766e+00 1.183324098587036133e+00 1.184912204742431641e+00 1.187144517898559570e+00 1.183305501937866211e+00 1.209002375602722168e+00 1.211069345474243164e+00 1.214455604553222656e+00 1.216345906257629395e+00 1.225557684898376465e+00 1.231070995330810547e+00 1.232092142105102539e+00 1.232012271881103516e+00 1.235418200492858887e+00 1.234604120254516602e+00 1.242542743682861328e+00 1.248124957084655762e+00 1.259480953216552734e+00 1.267250657081604004e+00 1.271010160446166992e+00 1.267175316810607910e+00 1.269186496734619141e+00 1.266001105308532715e+00 1.247937202453613281e+00 1.234405279159545898e+00 1.228149414062500000e+00 1.222181439399719238e+00 1.212367177009582520e+00 1.207987666130065918e+00 1.211580157279968262e+00 1.198097229003906250e+00 1.193390846252441406e+00 1.187671422958374023e+00 1.184234380722045898e+00 1.182371616363525391e+00 1.177262425422668457e+00 1.160991430282592773e+00 1.158429384231567383e+00 1.160176038742065430e+00 1.153601765632629395e+00 1.154003024101257324e+00 1.153866529464721680e+00 1.158141732215881348e+00 1.151841044425964355e+00 1.145790696144104004e+00 1.138582706451416016e+00 1.135172009468078613e+00 1.134621739387512207e+00 1.120011806488037109e+00 1.122771501541137695e+00 1.125292658805847168e+00 1.115933060646057129e+00 1.110135436058044434e+00 1.111218333244323730e+00
1.298144459724426270e+00 1.286589145660400391e+00 1.278827667236328125e+00 1.270911216735839844e+00 1.259056806564331055e+00 1.244205713272094727e+00 1.231397509574890137e+00 1.212822556495666504e+00 1.196278572082519531e+00 1.172921061515808105e+00 1.142324566841125488e+00 1.092805147171020508e+00 1.056119918823242188e+00 1.093050360679626465e+00 1.130819439888000488e+00 1.151893496513366699e+00 1.173375844955444336e+00 1.199377417564392090e+00 1.215200304985046387e+00 1.224361896514892578e+00 1.232147693634033203e+00 1.240673422813415527e+00 1.245665073394775391e+00 1.249769449234008789e+00 1.252295732498168945e+00 1.251373887062072754e+00 1.248991250991821289e+00 1.250125050544738770e+00 1.257242202758789062e+00 1.257005929946899414e+00 1.254966259002685547e+00 1.246819734573364258e+00 1.240130543708801270e+00 1.225711941719055176e+00 1.211892962455749512e+00 1.207645654678344727e+00 1.200316190719604492e+00 1.193025708198547363e+00 1.190517306327819824e+00 1.186332345008850098e+00 1.185726761817932129e+00 1.183643341064453125e+00 1.182577490806579590e+00 1.181205511093139648e+00 1.185616612434387207e+00 1.185509562492370605e+00 1.184101223945617676e+00 1.185144186019897461e+00 1.190389513969421387e+00 1.187907457351684570e+00 1.213321447372436523e+00 1.215410947799682617e+00 1.221041321754455566e+00 1.220445394515991211e+00 1.227394580841064453e+00 1.235967040061950684e+00 1.236729860305786133e+00 1.237348079681396484e+00 1.237415552139282227e+00 1.237992167472839355e+00 1.248776078224182129e+00 1.253711104393005371e+00 1.261795282363891602e+00 1.267813682556152344e+00 1.274038195610046387e+00 1.275933146476745605e+00 1.273212075233459473e+00 1.266502022743225098e+00 1.252892017364501953e+00 1.235117912292480469e+00 1.229025125503540039e+00 1.226035833358764648e+00 1.212205171585083008e+00 1.209217905998229980e+00 1.214273214340209961e+00 1.202539324760437012e+00 1.196240067481994629e+00 1.187410593032836914e+00 1.184253573417663574e+00 1.182696461677551270e+00 1.180186748504638672e+00 1.165019869804382324e+00 1.160347342491149902e+00 1.158546447753906250e+00 1.157298564910888672e+00 1.153586745262145996e+00 1.155015587806701660e+00 1.156256556510925293e+00 1.153511762619018555e+00 1.147224903106689453e+00 1.137521147727966309e+00 1.128665566444396973e+00 1.122578024864196777e+00 1.119691133499145508e+00 1.119441628456115723e+00 1.118917703628540039e+00 1.115846514701843262e+00 1.106538772583007812e+00 1.105518341064453125e+00
1.300636887550354004e+00 1.293491959571838379e+00 1.284611821174621582e+00 1.275417804718017578e+00 1.266176700592041016e+00 1.252676725387573242e+00 1.239035606384277344e+00 1.226024508476257324e+00 1.211984634399414062e+00 1.195614576339721680e+00 1.173995614051818848e+00 1.138105988502502441e+00 1.093050360679626465e+00 1.077140450477600098e+00 1.097096681594848633e+00 1.123369455337524414e+00 1.154079198837280273e+00 1.184588432312011719e+00 1.204648971557617188e+00 1.214744091033935547e+00 1.224048256874084473e+00 1.235569357872009277e+00 1.243356227874755859e+00 1.249495983123779297e+00 1.251610517501831055e+00 1.247706651687622070e+00 1.245431423187255859e+00 1.248188257217407227e+00 1.253898143768310547e+00 1.255164742469787598e+00 1.251110434532165527e+00 1.244435429573059082e+00 1.238439559936523438e+00 1.222892045974731445e+00 1.209392309188842773e+00 1.202094316482543945e+00 1.196317434310913086e+00 1.192306280136108398e+00 1.189828634262084961e+00 1.186942934989929199e+00 1.184702515602111816e+00 1.182762145996093750e+00 1.182636141777038574e+00 1.182551145553588867e+00 1.188075661659240723e+00 1.186483383178710938e+00 1.185015916824340820e+00 1.187925815582275391e+00 1.194279193878173828e+00 1.192950725555419922e+00 1.221010327339172363e+00 1.219300150871276855e+00 1.226608991622924805e+00 1.229220747947692871e+00 1.237558364868164062e+00 1.241551756858825684e+00 1.241133689880371094e+00 1.242169737815856934e+00 1.246562600135803223e+00 1.246044397354125977e+00 1.255520939826965332e+00 1.261122345924377441e+00 1.260293960571289062e+00 1.268352270126342773e+00 1.276720643043518066e+00 1.282377481460571289e+00 1.275066733360290527e+00 1.266764998435974121e+00 1.260173678398132324e+00 1.236560821533203125e+00 1.229815602302551270e+00 1.225358247756958008e+00 1.218665719032287598e+00 1.216703057289123535e+00 1.217698812484741211e+00 1.209528565406799316e+00 1.202977299690246582e+00 1.193418383598327637e+00 1.191462874412536621e+00 1.187854647636413574e+00 1.182074427604675293e+00 1.171055197715759277e+00 1.170298576354980469e+00 1.163940191268920898e+00 1.165013551712036133e+00 1.162525773048400879e+00 1.158786535263061523e+00 1.160510420799255371e+00 1.150845885276794434e+00 1.146245718002319336e+00 1.137981891632080078e+00 1.133240342140197754e+00 1.127805471420288086e+00 1.124660015106201172e+00 1.120593309402465820e+00 1.122859239578247070e+00 1.113922238349914551e+00 1.103278040885925293e+00 1.107708811759948730e+00
1.302362084388732910e+00 1.295035958290100098e+00 1.284938454627990723e+00 1.277032375335693359e+00 1.266661882400512695e+00 1.254070878028869629e+00 1.240185260772705078e+00 1.230193495750427246e+00 1.221408128738403320e+00 1.208686470985412598e+00 1.193605065345764160e+00 1.167278766632080078e+00 1.130819439888000488e+00 1.097096681594848633e+00 1.065093517303466797e+00 1.089575886726379395e+00 1.127944707870483398e+00 1.166563987731933594e+00 1.192801833152770996e+00 1.207649588584899902e+00 1.217963576316833496e+00 1.226963400840759277e+00 1.235639572143554688e+00 1.242278695106506348e+00 1.244191765785217285e+00 1.240929126739501953e+00 1.240868449211120605e+00 1.242084503173828125e+00 1.247012019157409668e+00 1.248875975608825684e+00 1.245219707489013672e+00 1.237409472465515137e+00 1.232102751731872559e+00 1.217417001724243164e+00 1.204578518867492676e+00 1.198158025741577148e+00 1.193853497505187988e+00 1.186774373054504395e+00 1.185999512672424316e+00 1.183033227920532227e+00 1.181908369064331055e+00 1.181640386581420898e+00 1.182887792587280273e+00 1.183430790901184082e+00 1.191035628318786621e+00 1.189866662025451660e+00 1.189698696136474609e+00 1.192335486412048340e+00 1.197095394134521484e+00 1.193780422210693359e+00 1.220626235008239746e+00 1.219528555870056152e+00 1.228387713432312012e+00 1.231040358543395996e+00 1.238308548927307129e+00 1.244745135307312012e+00 1.244780898094177246e+00 1.243569016456604004e+00 1.248136281967163086e+00 1.249583125114440918e+00 1.259346127510070801e+00 1.262718319892883301e+00 1.264061570167541504e+00 1.271787285804748535e+00 1.281722068786621094e+00 1.286675214767456055e+00 1.278132200241088867e+00 1.268688082695007324e+00 1.255323290824890137e+00 1.236794233322143555e+00 1.228836894035339355e+00 1.225767970085144043e+00 1.218696355819702148e+00 1.216640949249267578e+00 1.218200802803039551e+00 1.212929129600524902e+00 1.208113074302673340e+00 1.202226758003234863e+00 1.194340705871582031e+00 1.191393971443176270e+00 1.185088515281677246e+00 1.173095941543579102e+00 1.174181461334228516e+00 1.168329477310180664e+00 1.166077613830566406e+00 1.164977312088012695e+00 1.158068656921386719e+00 1.160179018974304199e+00 1.155084371566772461e+00 1.147366404533386230e+00 1.139213323593139648e+00 1.133643865585327148e+00 1.130439400672912598e+00 1.126725554466247559e+00 1.125764369964599609e+00 1.124363422393798828e+00 1.116293549537658691e+00 1.101740956306457520e+00 1.102636933326721191e+00
1.309146881103515625e+00 1.299330830574035645e+00 1.289420962333679199e+00 1.280122399330139160e+00 1.268048286437988281e+00 1.256831526756286621e+00 1.244282960891723633e+00 1.234891891479492188e+00 1.225336790084838867e+00 1.215805411338806152e+00 1.201930284500122070e+00 1.180828690528869629e+00 1.151893496513366699e+00 1.123369455337524414e+00 1.089575886726379395e+00 1.064047932624816895e+00 1.085077643394470215e+00 1.135485291481018066e+00 1.172349810600280762e+00 1.192746996879577637e+00 1.204304814338684082e+00 1.214503765106201172e+00 1.221916675567626953e+00 1.231483459472656250e+00 1.236032962799072266e+00 1.232249617576599121e+00 1.233906865119934082e+00 1.233974814414978027e+00 1.240059375762939453e+00 1.239357829093933105e+00 1.235581040382385254e+00 1.229019045829772949e+00 1.223170518875122070e+00 1.211515188217163086e+00 1.199958205223083496e+00 1.193200230598449707e+00 1.188490986824035645e+00 1.182102918624877930e+00 1.182201862335205078e+00 1.182577967643737793e+00 1.182909131050109863e+00 1.182036042213439941e+00 1.181890845298767090e+00 1.182371377944946289e+00 1.190863490104675293e+00 1.189488887786865234e+00 1.190950512886047363e+00 1.193095684051513672e+00 1.196675419807434082e+00 1.196672081947326660e+00 1.223401308059692383e+00 1.225350499153137207e+00 1.232739448547363281e+00 1.231999397277832031e+00 1.236967921257019043e+00 1.245364904403686523e+00 1.247431874275207520e+00 1.244683265686035156e+00 1.251116871833801270e+00 1.251438617706298828e+00 1.261539697647094727e+00 1.264479398727416992e+00 1.271054983139038086e+00 1.277827262878417969e+00 1.288931488990783691e+00 1.291157484054565430e+00 1.284767389297485352e+00 1.272309303283691406e+00 1.262055397033691406e+00 1.246962547302246094e+00 1.234690546989440918e+00 1.224987506866455078e+00 1.216492772102355957e+00 1.218119025230407715e+00 1.222197890281677246e+00 1.215122580528259277e+00 1.211797952651977539e+00 1.206228971481323242e+00 1.199153542518615723e+00 1.194958925247192383e+00 1.188502669334411621e+00 1.174525618553161621e+00 1.178128719329833984e+00 1.173927068710327148e+00 1.167771100997924805e+00 1.161817073822021484e+00 1.156212568283081055e+00 1.155041456222534180e+00 1.148113727569580078e+00 1.143631815910339355e+00 1.138196110725402832e+00 1.134205698966979980e+00 1.133506417274475098e+00 1.129146814346313477e+00 1.126287460327148438e+00 1.122580885887145996e+00 1.116690754890441895e+00 1.103801846504211426e+00 1.102145552635192871e+00
