9.674575924873352051e-01 9.242135882377624512e-01 8.937796354293823242e-01 8.924798369407653809e-01 8.989450931549072266e-01 9.105325341224670410e-01 9.150907397270202637e-01 9.280589222908020020e-01 9.186640381813049316e-01 9.328428506851196289e-01 9.397677183151245117e-01 9.546471834182739258e-01 9.313111901283264160e-01 9.293880462646484375e-01 9.362398982048034668e-01 9.120902419090270996e-01 9.551810026168823242e-01 9.448399543762207031e-01 9.323415756225585938e-01 9.232661128044128418e-01 8.897778987884521484e-01 9.136809706687927246e-01 9.038584828376770020e-01 9.510270953178405762e-01 9.609033465385437012e-01 9.496368169784545898e-01 9.762762188911437988e-01 9.594660997390747070e-01 9.842517971992492676e-01 9.609912037849426270e-01 1.025603294372558594e+00 1.042797446250915527e+00 1.043197154998779297e+00 9.020593166351318359e-01 8.550816178321838379e-01 8.816306591033935547e-01 8.576997518539428711e-01 8.563882708549499512e-01 8.687573671340942383e-01 8.395113945007324219e-01 8.368217945098876953e-01 8.455639481544494629e-01 8.519311547279357910e-01 8.734060525894165039e-01 8.476057052612304688e-01 8.278214931488037109e-01 8.251917362213134766e-01 8.432024121284484863e-01 8.314234018325805664e-01 8.751560449600219727e-01 8.524344563484191895e-01 8.415885567665100098e-01 8.523309826850891113e-01 8.498844504356384277e-01 8.608627319335937500e-01 8.489256501197814941e-01 8.459270596504211426e-01 8.580436706542968750e-01 8.832928538322448730e-01 8.961874842643737793e-01 8.904755115509033203e-01 8.790202736854553223e-01 9.233388304710388184e-01 9.164314270019531250e-01 9.308001995086669922e-01 9.056757092475891113e-01 9.048950672149658203e-01 8.271129727363586426e-01 7.348750233650207520e-01 6.660006046295166016e-01 6.703680753707885742e-01 6.288577318191528320e-01 6.215720772743225098e-01 6.208243370056152344e-01 6.267650127410888672e-01 6.480020880699157715e-01 6.649772524833679199e-01 6.514388918876647949e-01 6.371525526046752930e-01 6.412047147750854492e-01 6.167021989822387695e-01 6.096259951591491699e-01 6.017701029777526855e-01 6.063279509544372559e-01 6.440356969833374023e-01 6.407521367073059082e-01 6.735701560974121094e-01 6.985963582992553711e-01 6.597886681556701660e-01 6.769704818725585938e-01 6.507547497749328613e-01 6.403497457504272461e-01 6.624745726585388184e-01 6.546294093132019043e-01 6.101332306861877441e-01 6.013910770416259766e-01 6.229726076126098633e-01 6.136077046394348145e-01 6.292961239814758301e-01
9.242135882377624512e-01 9.799961447715759277e-01 9.427798390388488770e-01 9.227093458175659180e-01 9.224439263343811035e-01 9.243229627609252930e-01 9.193212389945983887e-01 9.228474497795104980e-01 9.258760809898376465e-01 9.376276135444641113e-01 9.458674192428588867e-01 9.527335762977600098e-01 9.262349605560302734e-01 9.257391691207885742e-01 9.313290715217590332e-01 9.083935618400573730e-01 9.509826302528381348e-01 9.424253106117248535e-01 9.351261854171752930e-01 9.228687882423400879e-01 9.012185335159301758e-01 8.977857232093811035e-01 9.125959277153015137e-01 9.559869170188903809e-01 9.651718735694885254e-01 9.610248208045959473e-01 9.877065420150756836e-01 9.615491628646850586e-01 9.922458529472351074e-01 9.855007529258728027e-01 1.033536791801452637e+00 1.038750290870666504e+00 1.045205116271972656e+00 9.113093614578247070e-01 8.491429686546325684e-01 8.643678426742553711e-01 8.205124139785766602e-01 8.180881738662719727e-01 8.226824402809143066e-01 8.082237243652343750e-01 8.057255148887634277e-01 8.277321457862854004e-01 8.470239043235778809e-01 8.441771268844604492e-01 8.171237707138061523e-01 7.907899618148803711e-01 7.823750376701354980e-01 8.009576201438903809e-01 7.939040064811706543e-01 8.385405540466308594e-01 8.077856302261352539e-01 8.236731290817260742e-01 8.205923438072204590e-01 8.333697319030761719e-01 8.487940430641174316e-01 8.553164601325988770e-01 8.419188857078552246e-01 8.404838442802429199e-01 8.542935252189636230e-01 8.632052540779113770e-01 9.045530557632446289e-01 8.848277926445007324e-01 8.952410221099853516e-01 9.114007949829101562e-01 9.082688093185424805e-01 8.703176379203796387e-01 8.759734034538269043e-01 7.939652204513549805e-01 7.058095335960388184e-01 6.238034367561340332e-01 6.168686747550964355e-01 6.205236911773681641e-01 6.106759309768676758e-01 6.407845020294189453e-01 6.493106484413146973e-01 6.462178826332092285e-01 6.486346721649169922e-01 6.362686157226562500e-01 6.262087225914001465e-01 5.956046581268310547e-01 5.972080230712890625e-01 6.207730174064636230e-01 6.003346443176269531e-01 5.917543768882751465e-01 6.433717012405395508e-01 6.139215826988220215e-01 6.233308911323547363e-01 6.692015528678894043e-01 6.474838256835937500e-01 6.686671972274780273e-01 6.434975266456604004e-01 6.449689865112304688e-01 6.692188382148742676e-01 6.388666629791259766e-01 6.068177819252014160e-01 6.032010316848754883e-01 6.310825943946838379e-01 6.154861450195312500e-01 6.445893645286560059e-01
8.937796354293823242e-01 9.427798390388488770e-01 9.767975211143493652e-01 9.487001895904541016e-01 9.387082457542419434e-01 9.224662184715270996e-01 9.174495339393615723e-01 9.242837429046630859e-01 9.241411685943603516e-01 9.287288784980773926e-01 9.320207834243774414e-01 9.405031800270080566e-01 9.220046997070312500e-01 9.267992973327636719e-01 9.256083369255065918e-01 8.974718451499938965e-01 9.385488033294677734e-01 9.256950616836547852e-01 9.340060949325561523e-01 9.194380640983581543e-01 9.030929207801818848e-01 8.979742527008056641e-01 9.048337340354919434e-01 9.531304836273193359e-01 9.630825519561767578e-01 9.713991284370422363e-01 9.916012287139892578e-01 9.823027849197387695e-01 1.005982160568237305e+00 9.839643239974975586e-01 1.029720425605773926e+00 1.033241391181945801e+00 1.033817529678344727e+00 9.051986932754516602e-01 8.378372788429260254e-01 8.530151247978210449e-01 8.118039369583129883e-01 8.050805330276489258e-01 8.113564252853393555e-01 8.045091032981872559e-01 8.012443780899047852e-01 8.135854601860046387e-01 8.299329280853271484e-01 8.300246000289916992e-01 7.992967963218688965e-01 7.715060710906982422e-01 7.743937969207763672e-01 8.021616935729980469e-01 8.080596923828125000e-01 8.375520110130310059e-01 8.168676495552062988e-01 8.256966471672058105e-01 8.367887139320373535e-01 8.360606431961059570e-01 8.466352820396423340e-01 8.528363704681396484e-01 8.436218500137329102e-01 8.381410241127014160e-01 8.648729920387268066e-01 8.622330427169799805e-01 8.856426477432250977e-01 8.802914619445800781e-01 8.834664225578308105e-01 9.065313935279846191e-01 9.152782559394836426e-01 8.876578807830810547e-01 8.816731572151184082e-01 8.033147454261779785e-01 7.017991542816162109e-01 6.204385161399841309e-01 6.050589084625244141e-01 6.202827692031860352e-01 6.238718628883361816e-01 6.250918507575988770e-01 6.494129300117492676e-01 6.316235661506652832e-01 6.160402297973632812e-01 6.381289362907409668e-01 5.937775373458862305e-01 6.014787554740905762e-01 6.066703796386718750e-01 6.090220212936401367e-01 5.848624706268310547e-01 5.776331424713134766e-01 6.225277185440063477e-01 6.292623877525329590e-01 6.191275119781494141e-01 6.213207244873046875e-01 6.389210224151611328e-01 6.317518353462219238e-01 6.393811106681823730e-01 6.451362371444702148e-01 6.497119069099426270e-01 6.378868818283081055e-01 6.269809603691101074e-01 6.095182299613952637e-01 6.162241101264953613e-01 6.239348053932189941e-01 6.878298521041870117e-01
8.924798369407653809e-01 9.227093458175659180e-01 9.487001895904541016e-01 9.944541454315185547e-01 9.737408161163330078e-01 9.483751654624938965e-01 9.331930279731750488e-01 9.254218339920043945e-01 9.230252504348754883e-01 9.240120053291320801e-01 9.319050908088684082e-01 9.336212873458862305e-01 9.214498400688171387e-01 9.287500381469726562e-01 9.382546544075012207e-01 8.992052674293518066e-01 9.316599965095520020e-01 9.304102063179016113e-01 9.310635328292846680e-01 9.229251742362976074e-01 9.006046056747436523e-01 8.980136513710021973e-01 9.050858616828918457e-01 9.530642628669738770e-01 9.636192321777343750e-01 9.714102149009704590e-01 9.888960123062133789e-01 9.803313016891479492e-01 1.012274503707885742e+00 9.903028607368469238e-01 1.032254815101623535e+00 1.023915290832519531e+00 1.018979310989379883e+00 8.962963223457336426e-01 8.196961283683776855e-01 8.397591114044189453e-01 8.002645373344421387e-01 7.972256541252136230e-01 8.064892292022705078e-01 7.906354069709777832e-01 7.891380786895751953e-01 8.091920614242553711e-01 8.363379240036010742e-01 8.321923017501831055e-01 8.063833713531494141e-01 7.809175252914428711e-01 7.733231782913208008e-01 8.004831671714782715e-01 8.118010163307189941e-01 8.499916791915893555e-01 8.289151191711425781e-01 8.285225629806518555e-01 8.400852084159851074e-01 8.394839763641357422e-01 8.492157459259033203e-01 8.460543155670166016e-01 8.406007289886474609e-01 8.278647065162658691e-01 8.579819798469543457e-01 8.595981001853942871e-01 8.849421739578247070e-01 8.757232427597045898e-01 8.916398286819458008e-01 9.000267982482910156e-01 9.025544524192810059e-01 8.798076510429382324e-01 8.737010955810546875e-01 7.780184745788574219e-01 6.884505748748779297e-01 6.102214455604553223e-01 6.092360019683837891e-01 6.176844835281372070e-01 6.086000204086303711e-01 6.264156699180603027e-01 6.474580764770507812e-01 6.105687618255615234e-01 6.021160483360290527e-01 6.157407164573669434e-01 6.069218516349792480e-01 6.081061363220214844e-01 6.045978069305419922e-01 6.006211638450622559e-01 5.807466506958007812e-01 5.727256536483764648e-01 6.114768981933593750e-01 6.130952239036560059e-01 6.052227616310119629e-01 6.236267685890197754e-01 6.401641368865966797e-01 6.386278867721557617e-01 6.140584945678710938e-01 6.160462498664855957e-01 6.299009919166564941e-01 6.379298567771911621e-01 6.121963858604431152e-01 5.894101262092590332e-01 6.107000708580017090e-01 6.139009594917297363e-01 6.346763968467712402e-01
8.989450931549072266e-01 9.224439263343811035e-01 9.387082457542419434e-01 9.737408161163330078e-01 1.003934264183044434e+00 9.747540950775146484e-01 9.412247538566589355e-01 9.217228889465332031e-01 9.168123006820678711e-01 9.205381274223327637e-01 9.277937412261962891e-01 9.285891056060791016e-01 9.092893004417419434e-01 9.108846187591552734e-01 9.286248683929443359e-01 8.926352262496948242e-01 9.175060391426086426e-01 9.128977656364440918e-01 9.175057411193847656e-01 8.989338278770446777e-01 8.878467082977294922e-01 8.871679306030273438e-01 9.025894999504089355e-01 9.499564766883850098e-01 9.616461396217346191e-01 9.644095897674560547e-01 9.828364849090576172e-01 9.689756631851196289e-01 1.000865578651428223e+00 9.901334047317504883e-01 1.011919975280761719e+00 9.966654181480407715e-01 9.978324174880981445e-01 8.827927112579345703e-01 8.056106567382812500e-01 8.185430169105529785e-01 7.925555706024169922e-01 8.005692362785339355e-01 8.068463206291198730e-01 7.735959887504577637e-01 7.761002182960510254e-01 8.002129197120666504e-01 8.232013583183288574e-01 8.229693770408630371e-01 7.966321706771850586e-01 7.749549746513366699e-01 7.652667164802551270e-01 7.879296541213989258e-01 8.053659200668334961e-01 8.346113562583923340e-01 8.309805989265441895e-01 8.189237117767333984e-01 8.242232799530029297e-01 8.251228332519531250e-01 8.381017446517944336e-01 8.429907560348510742e-01 8.355883955955505371e-01 8.203485012054443359e-01 8.439777493476867676e-01 8.611391782760620117e-01 8.830418586730957031e-01 8.682524561882019043e-01 8.904657363891601562e-01 8.988539576530456543e-01 8.996791839599609375e-01 8.870229721069335938e-01 8.821586966514587402e-01 7.768246531486511230e-01 6.897858977317810059e-01 6.157850027084350586e-01 6.067131161689758301e-01 6.141591072082519531e-01 6.038396358489990234e-01 6.139296889305114746e-01 6.323158144950866699e-01 6.160055994987487793e-01 6.186823248863220215e-01 6.213619709014892578e-01 6.016781926155090332e-01 6.038114428520202637e-01 5.944375395774841309e-01 6.019294857978820801e-01 5.897701978683471680e-01 5.847113132476806641e-01 6.198982596397399902e-01 5.874157547950744629e-01 6.093783378601074219e-01 6.325088739395141602e-01 6.056377291679382324e-01 6.145924329757690430e-01 6.130131483078002930e-01 6.189779639244079590e-01 6.193863153457641602e-01 6.104965209960937500e-01 5.847579240798950195e-01 5.869613885879516602e-01 6.051107048988342285e-01 6.071341037750244141e-01 6.244860291481018066e-01
9.105325341224670410e-01 9.243229627609252930e-01 9.224662184715270996e-01 9.483751654624938965e-01 9.747540950775146484e-01 9.913146495819091797e-01 9.541578292846679688e-01 9.215589165687561035e-01 9.150028228759765625e-01 9.246132969856262207e-01 9.305328726768493652e-01 9.311443567276000977e-01 9.010764360427856445e-01 9.081368446350097656e-01 9.235580563545227051e-01 8.908459544181823730e-01 9.093580842018127441e-01 9.014227986335754395e-01 9.033807516098022461e-01 8.857957124710083008e-01 8.672037124633789062e-01 8.639283776283264160e-01 9.004969596862792969e-01 9.414131045341491699e-01 9.482348561286926270e-01 9.496400952339172363e-01 9.780735373497009277e-01 9.554542303085327148e-01 9.859335422515869141e-01 9.702998995780944824e-01 9.866326451301574707e-01 9.896346330642700195e-01 9.793338775634765625e-01 8.649775981903076172e-01 7.975383996963500977e-01 8.118317723274230957e-01 7.879682183265686035e-01 7.819618582725524902e-01 7.904720306396484375e-01 7.727413773536682129e-01 7.734653353691101074e-01 7.911345362663269043e-01 8.111225366592407227e-01 8.176885247230529785e-01 7.816283106803894043e-01 7.790508866310119629e-01 7.643469572067260742e-01 7.834511399269104004e-01 7.822422981262207031e-01 8.203425407409667969e-01 8.179557323455810547e-01 8.088235855102539062e-01 8.105033040046691895e-01 8.161929249763488770e-01 8.412741422653198242e-01 8.475540876388549805e-01 8.334240317344665527e-01 8.215351104736328125e-01 8.429505825042724609e-01 8.453951478004455566e-01 8.689086437225341797e-01 8.601486086845397949e-01 8.667102456092834473e-01 8.912551999092102051e-01 9.176404476165771484e-01 8.976630568504333496e-01 8.928468823432922363e-01 7.741101384162902832e-01 6.983989477157592773e-01 6.072602868080139160e-01 6.212503314018249512e-01 6.017909646034240723e-01 5.839160084724426270e-01 5.932321548461914062e-01 6.146556138992309570e-01 6.167184114456176758e-01 6.198700666427612305e-01 6.207286715507507324e-01 5.914579629898071289e-01 5.889467597007751465e-01 5.963906645774841309e-01 5.893672704696655273e-01 5.967782735824584961e-01 5.870178341865539551e-01 6.208426952362060547e-01 5.954165458679199219e-01 6.176571846008300781e-01 6.220591664314270020e-01 6.063758730888366699e-01 6.237037777900695801e-01 6.189866662025451660e-01 6.128651499748229980e-01 6.238505840301513672e-01 6.266257762908935547e-01 6.045526266098022461e-01 6.001778244972229004e-01 6.251072287559509277e-01 6.065574884414672852e-01 6.162888407707214355e-01
9.150907397270202637e-01 9.193212389945983887e-01 9.174495339393615723e-01 9.331930279731750488e-01 9.412247538566589355e-01 9.541578292846679688e-01 9.818068146705627441e-01 9.494164586067199707e-01 9.280829429626464844e-01 9.338027238845825195e-01 9.292889237403869629e-01 9.229949116706848145e-01 8.946591615676879883e-01 8.991056680679321289e-01 9.145478606224060059e-01 8.882050514221191406e-01 9.113669395446777344e-01 9.074590206146240234e-01 8.962794542312622070e-01 8.945666551589965820e-01 8.634844422340393066e-01 8.666116595268249512e-01 8.965253233909606934e-01 9.387161731719970703e-01 9.367819428443908691e-01 9.520382285118103027e-01 9.730703830718994141e-01 9.584245681762695312e-01 9.822296500205993652e-01 9.604635238647460938e-01 9.790437221527099609e-01 9.824616909027099609e-01 9.745887517929077148e-01 8.633609414100646973e-01 7.991920709609985352e-01 8.048411011695861816e-01 7.686971426010131836e-01 7.602482438087463379e-01 7.768943905830383301e-01 7.640916109085083008e-01 7.731453180313110352e-01 7.970511913299560547e-01 8.076591491699218750e-01 8.113785982131958008e-01 7.760159969329833984e-01 7.575948834419250488e-01 7.625494599342346191e-01 7.737355828285217285e-01 7.694549560546875000e-01 8.057850003242492676e-01 7.999755144119262695e-01 7.888163328170776367e-01 7.889778017997741699e-01 8.103250265121459961e-01 8.246098160743713379e-01 8.406490087509155273e-01 8.197499513626098633e-01 8.210467696189880371e-01 8.364871144294738770e-01 8.545061349868774414e-01 8.707481622695922852e-01 8.534641265869140625e-01 8.810279369354248047e-01 8.845348954200744629e-01 9.026963114738464355e-01 9.105877876281738281e-01 8.859667181968688965e-01 7.889508605003356934e-01 6.907949447631835938e-01 6.353436708450317383e-01 6.157014966011047363e-01 6.017925739288330078e-01 6.072630882263183594e-01 5.973553657531738281e-01 6.240949034690856934e-01 5.992943048477172852e-01 6.049193143844604492e-01 6.024435758590698242e-01 5.975413322448730469e-01 6.064801812171936035e-01 5.956912636756896973e-01 5.983328223228454590e-01 5.943362116813659668e-01 5.914887189865112305e-01 6.194337010383605957e-01 5.860526561737060547e-01 6.183741092681884766e-01 6.250239014625549316e-01 6.413601636886596680e-01 6.524616479873657227e-01 6.426077485084533691e-01 6.286546587944030762e-01 6.629273891448974609e-01 6.428800225257873535e-01 6.069924831390380859e-01 5.968164205551147461e-01 6.068710684776306152e-01 6.154762506484985352e-01 6.253013014793395996e-01
9.280589222908020020e-01 9.228474497795104980e-01 9.242837429046630859e-01 9.254218339920043945e-01 9.217228889465332031e-01 9.215589165687561035e-01 9.494164586067199707e-01 9.938269853591918945e-01 9.734800457954406738e-01 9.719367027282714844e-01 9.744905233383178711e-01 9.673152565956115723e-01 9.462023377418518066e-01 9.397749304771423340e-01 9.455306529998779297e-01 9.253180027008056641e-01 9.422287344932556152e-01 9.315844774246215820e-01 9.324461817741394043e-01 9.165499806404113770e-01 8.856393098831176758e-01 8.863092660903930664e-01 8.799504041671752930e-01 9.194106459617614746e-01 9.260591268539428711e-01 9.347928166389465332e-01 9.703286290168762207e-01 9.463742375373840332e-01 9.859513044357299805e-01 9.584176540374755859e-01 9.834404587745666504e-01 1.001708984375000000e+00 9.926022291183471680e-01 8.683499693870544434e-01 8.110673427581787109e-01 8.421662449836730957e-01 8.242568969726562500e-01 8.192993998527526855e-01 8.271934986114501953e-01 7.991460561752319336e-01 8.193066120147705078e-01 8.473550081253051758e-01 8.734401464462280273e-01 8.681687116622924805e-01 8.343176245689392090e-01 8.214386105537414551e-01 8.127697706222534180e-01 8.298967480659484863e-01 8.376187682151794434e-01 8.660515546798706055e-01 8.634470105171203613e-01 8.516252636909484863e-01 8.596687316894531250e-01 8.698981404304504395e-01 8.964095711708068848e-01 8.950916528701782227e-01 8.824894428253173828e-01 8.620471954345703125e-01 8.771580457687377930e-01 8.947807550430297852e-01 9.124533534049987793e-01 9.030248522758483887e-01 9.221363663673400879e-01 9.205204248428344727e-01 9.100301861763000488e-01 9.210943579673767090e-01 8.873361349105834961e-01 7.812225222587585449e-01 6.904833316802978516e-01 6.147548556327819824e-01 6.148827075958251953e-01 6.175244450569152832e-01 6.156477332115173340e-01 6.355805993080139160e-01 6.786344647407531738e-01 6.439084410667419434e-01 6.401342749595642090e-01 6.569699645042419434e-01 6.030880212783813477e-01 6.090165972709655762e-01 5.932175517082214355e-01 6.062136888504028320e-01 6.029408574104309082e-01 5.923617482185363770e-01 6.538979411125183105e-01 6.187990307807922363e-01 6.035140752792358398e-01 6.349983215332031250e-01 6.308166980743408203e-01 6.622374653816223145e-01 6.162738204002380371e-01 6.681478619575500488e-01 6.728693246841430664e-01 6.764319539070129395e-01 6.299924254417419434e-01 6.233357787132263184e-01 6.376751065254211426e-01 6.308290958404541016e-01 6.443589925765991211e-01
9.186640381813049316e-01 9.258760809898376465e-01 9.241411685943603516e-01 9.230252504348754883e-01 9.168123006820678711e-01 9.150028228759765625e-01 9.280829429626464844e-01 9.734800457954406738e-01 9.905041456222534180e-01 9.724900722503662109e-01 9.618323445320129395e-01 9.605792164802551270e-01 9.355349540710449219e-01 9.214573502540588379e-01 9.246203899383544922e-01 9.045326113700866699e-01 9.206774234771728516e-01 9.118785858154296875e-01 9.154629707336425781e-01 9.114009141921997070e-01 8.828485608100891113e-01 8.899155259132385254e-01 8.745633959770202637e-01 9.168499708175659180e-01 9.275143742561340332e-01 9.314642548561096191e-01 9.595636129379272461e-01 9.518351554870605469e-01 9.757642745971679688e-01 9.377899169921875000e-01 9.628422260284423828e-01 9.710429906845092773e-01 9.509580731391906738e-01 8.349472284317016602e-01 7.845894098281860352e-01 8.052304983139038086e-01 7.781556248664855957e-01 7.738461494445800781e-01 7.810809016227722168e-01 7.591674923896789551e-01 7.639284133911132812e-01 7.923871278762817383e-01 8.272364735603332520e-01 8.313717246055603027e-01 8.147362470626831055e-01 7.924200892448425293e-01 7.823573946952819824e-01 8.014479279518127441e-01 8.091717958450317383e-01 8.310129046440124512e-01 8.214619159698486328e-01 8.122998476028442383e-01 8.162878155708312988e-01 8.267544507980346680e-01 8.557846546173095703e-01 8.684110641479492188e-01 8.631633520126342773e-01 8.635847568511962891e-01 8.782017230987548828e-01 8.853835463523864746e-01 8.875937461853027344e-01 8.700900673866271973e-01 8.957006335258483887e-01 9.018025398254394531e-01 9.012855887413024902e-01 8.915158510208129883e-01 8.731415867805480957e-01 7.837569117546081543e-01 6.861376166343688965e-01 5.954539775848388672e-01 6.227272748947143555e-01 6.049878001213073730e-01 5.910896062850952148e-01 6.030996441841125488e-01 6.325026750564575195e-01 6.095970869064331055e-01 6.036207675933837891e-01 6.192321777343750000e-01 6.022207140922546387e-01 6.022116541862487793e-01 6.172248721122741699e-01 6.097085475921630859e-01 5.902156233787536621e-01 5.982273817062377930e-01 6.173107624053955078e-01 5.828757286071777344e-01 6.024941802024841309e-01 6.358688473701477051e-01 6.278837919235229492e-01 6.599435210227966309e-01 6.366152763366699219e-01 6.454961299896240234e-01 6.467782855033874512e-01 6.274424791336059570e-01 6.007627844810485840e-01 5.924360752105712891e-01 6.097754836082458496e-01 6.085163950920104980e-01 6.236113905906677246e-01
9.328428506851196289e-01 9.376276135444641113e-01 9.287288784980773926e-01 9.240120053291320801e-01 9.205381274223327637e-01 9.246132969856262207e-01 9.338027238845825195e-01 9.719367027282714844e-01 9.724900722503662109e-01 9.987986683845520020e-01 9.763494729995727539e-01 9.651522636413574219e-01 9.275301098823547363e-01 9.098426699638366699e-01 9.155784845352172852e-01 8.975954055786132812e-01 9.146509170532226562e-01 9.052379727363586426e-01 9.144759178161621094e-01 9.095473885536193848e-01 8.769767880439758301e-01 8.860863447189331055e-01 8.783161044120788574e-01 9.141849279403686523e-01 9.258896708488464355e-01 9.196502566337585449e-01 9.459930062294006348e-01 9.476729035377502441e-01 9.790889024734497070e-01 9.455481767654418945e-01 9.667493700981140137e-01 9.708607792854309082e-01 9.590607285499572754e-01 8.396803736686706543e-01 7.822204232215881348e-01 7.909696698188781738e-01 7.643233537673950195e-01 7.734795212745666504e-01 7.738819122314453125e-01 7.484718561172485352e-01 7.495231032371520996e-01 7.683294415473937988e-01 8.064297437667846680e-01 8.106235265731811523e-01 7.883203625679016113e-01 7.685809731483459473e-01 7.720882296562194824e-01 7.915674448013305664e-01 7.943226695060729980e-01 8.254053592681884766e-01 8.016332983970642090e-01 7.994605898857116699e-01 8.046687245368957520e-01 8.086936473846435547e-01 8.389044404029846191e-01 8.520261049270629883e-01 8.476302623748779297e-01 8.439078330993652344e-01 8.590934872627258301e-01 8.677468895912170410e-01 8.710033297538757324e-01 8.592151999473571777e-01 8.768799901008605957e-01 8.943110704421997070e-01 8.726189732551574707e-01 8.855221867561340332e-01 8.874086737632751465e-01 7.847765684127807617e-01 7.015274763107299805e-01 6.070311069488525391e-01 6.071178913116455078e-01 6.145510673522949219e-01 6.060270667076110840e-01 6.281437873840332031e-01 6.289657950401306152e-01 6.132781505584716797e-01 6.047536730766296387e-01 6.253215670585632324e-01 5.937272906303405762e-01 5.986125469207763672e-01 6.113873124122619629e-01 6.050215959548950195e-01 6.011870503425598145e-01 5.878139138221740723e-01 6.090709567070007324e-01 5.927151441574096680e-01 6.190871000289916992e-01 6.287491917610168457e-01 6.249654293060302734e-01 6.474630832672119141e-01 6.483644247055053711e-01 6.402121186256408691e-01 6.584925055503845215e-01 6.489916443824768066e-01 6.036175489425659180e-01 5.989519953727722168e-01 6.223481297492980957e-01 6.179101467132568359e-01 6.260485053062438965e-01
9.397677183151245117e-01 9.458674192428588867e-01 9.320207834243774414e-01 9.319050908088684082e-01 9.277937412261962891e-01 9.305328726768493652e-01 9.292889237403869629e-01 9.744905233383178711e-01 9.618323445320129395e-01 9.763494729995727539e-01 1.020729660987854004e+00 9.970560073852539062e-01 9.476988911628723145e-01 9.374805688858032227e-01 9.445387721061706543e-01 9.074591994285583496e-01 9.203624129295349121e-01 9.066448211669921875e-01 9.149039983749389648e-01 9.079350829124450684e-01 8.709682226181030273e-01 8.775132298469543457e-01 8.676236271858215332e-01 8.981591463088989258e-01 9.020915031433105469e-01 8.995663523674011230e-01 9.276806116104125977e-01 9.276386499404907227e-01 9.736998081207275391e-01 9.506406188011169434e-01 9.793515801429748535e-01 9.752261042594909668e-01 9.497076869010925293e-01 8.560212254524230957e-01 7.805526256561279297e-01 7.956046462059020996e-01 7.639821171760559082e-01 7.596456408500671387e-01 7.646206617355346680e-01 7.517915368080139160e-01 7.549964785575866699e-01 7.749168872833251953e-01 8.151456713676452637e-01 8.138952851295471191e-01 7.993109226226806641e-01 7.902626395225524902e-01 7.781125307083129883e-01 7.971944212913513184e-01 7.905700206756591797e-01 8.087605834007263184e-01 7.956627011299133301e-01 8.061782121658325195e-01 8.127013444900512695e-01 8.255662918090820312e-01 8.378735780715942383e-01 8.445686101913452148e-01 8.520835041999816895e-01 8.560901880264282227e-01 8.766821026802062988e-01 8.655936717987060547e-01 8.693397641181945801e-01 8.749455809593200684e-01 8.986939191818237305e-01 9.274308681488037109e-01 9.034864306449890137e-01 8.956040740013122559e-01 9.016320705413818359e-01 8.036706447601318359e-01 6.941369175910949707e-01 6.159718632698059082e-01 6.129186749458312988e-01 6.084437370300292969e-01 6.038870811462402344e-01 6.236719489097595215e-01 6.180641055107116699e-01 6.143203377723693848e-01 6.132984161376953125e-01 6.203743815422058105e-01 6.008006930351257324e-01 6.211963295936584473e-01 6.269725561141967773e-01 6.023860573768615723e-01 5.897564291954040527e-01 6.080132722854614258e-01 6.424267292022705078e-01 6.413695216178894043e-01 6.337543725967407227e-01 6.292226910591125488e-01 6.173651218414306641e-01 6.343085765838623047e-01 6.470910310745239258e-01 6.449314355850219727e-01 6.738625764846801758e-01 6.645073294639587402e-01 6.303909420967102051e-01 5.914410948753356934e-01 6.160638332366943359e-01 6.049186587333679199e-01 6.069685816764831543e-01
9.546471834182739258e-01 9.527335762977600098e-01 9.405031800270080566e-01 9.336212873458862305e-01 9.285891056060791016e-01 9.311443567276000977e-01 9.229949116706848145e-01 9.673152565956115723e-01 9.605792164802551270e-01 9.651522636413574219e-01 9.970560073852539062e-01 1.001656174659729004e+00 9.612112641334533691e-01 9.484798312187194824e-01 9.556211829185485840e-01 9.106869697570800781e-01 9.137406349182128906e-01 9.002735614776611328e-01 9.089439511299133301e-01 8.921874165534973145e-01 8.563945293426513672e-01 8.614450693130493164e-01 8.563096523284912109e-01 8.718138933181762695e-01 8.794488310813903809e-01 8.866999745368957520e-01 9.124705195426940918e-01 9.150992035865783691e-01 9.545359611511230469e-01 9.368345737457275391e-01 9.555591344833374023e-01 9.651487469673156738e-01 9.523336291313171387e-01 8.385676145553588867e-01 7.661697864532470703e-01 7.884570360183715820e-01 7.453157901763916016e-01 7.464227080345153809e-01 7.646386027336120605e-01 7.396017909049987793e-01 7.458028197288513184e-01 7.560554146766662598e-01 7.898524999618530273e-01 7.816857695579528809e-01 7.754423022270202637e-01 7.650958895683288574e-01 7.595701813697814941e-01 7.794964909553527832e-01 7.840998768806457520e-01 8.080396056175231934e-01 7.851299643516540527e-01 7.970725297927856445e-01 8.045285940170288086e-01 8.179363012313842773e-01 8.315916657447814941e-01 8.419728279113769531e-01 8.467928171157836914e-01 8.438926935195922852e-01 8.711676597595214844e-01 8.623134493827819824e-01 8.721570372581481934e-01 8.779377341270446777e-01 9.068659543991088867e-01 9.090464711189270020e-01 8.999060988426208496e-01 8.847542405128479004e-01 8.805854320526123047e-01 7.765825390815734863e-01 6.931605339050292969e-01 6.205763816833496094e-01 6.141635775566101074e-01 6.004138588905334473e-01 5.967639684677124023e-01 6.008262038230895996e-01 6.122593879699707031e-01 6.065360307693481445e-01 6.043608188629150391e-01 6.053240895271301270e-01 5.958442091941833496e-01 6.045423150062561035e-01 6.063266396522521973e-01 5.925431847572326660e-01 5.739629268646240234e-01 5.859172940254211426e-01 6.271256804466247559e-01 6.160880327224731445e-01 5.992810726165771484e-01 6.062591671943664551e-01 6.146983504295349121e-01 6.237689852714538574e-01 6.313633918762207031e-01 6.253947615623474121e-01 6.350345611572265625e-01 6.452012062072753906e-01 6.192607283592224121e-01 5.929998755455017090e-01 6.108893156051635742e-01 5.990026593208312988e-01 6.051638722419738770e-01
9.313111901283264160e-01 9.262349605560302734e-01 9.220046997070312500e-01 9.214498400688171387e-01 9.092893004417419434e-01 9.010764360427856445e-01 8.946591615676879883e-01 9.462023377418518066e-01 9.355349540710449219e-01 9.275301098823547363e-01 9.476988911628723145e-01 9.612112641334533691e-01 1.008421301841735840e+00 9.771779775619506836e-01 9.654260873794555664e-01 9.123663902282714844e-01 9.062732458114624023e-01 8.911632299423217773e-01 8.918243050575256348e-01 8.774290680885314941e-01 8.415815234184265137e-01 8.483144044876098633e-01 8.436892628669738770e-01 8.485096693038940430e-01 8.573307394981384277e-01 8.721554279327392578e-01 9.009506702423095703e-01 9.171388149261474609e-01 9.371721148490905762e-01 9.208481311798095703e-01 9.540805220603942871e-01 9.711413979530334473e-01 9.585145115852355957e-01 8.145900368690490723e-01 7.430120110511779785e-01 7.597734928131103516e-01 7.263562679290771484e-01 7.278591394424438477e-01 7.291792631149291992e-01 6.941690444946289062e-01 6.848897933959960938e-01 7.032513022422790527e-01 7.343702316284179688e-01 7.413424253463745117e-01 7.240894436836242676e-01 7.147874236106872559e-01 7.173148393630981445e-01 7.430074810981750488e-01 7.319921851158142090e-01 7.603282928466796875e-01 7.429735660552978516e-01 7.640368938446044922e-01 7.662493586540222168e-01 7.615000009536743164e-01 7.825174927711486816e-01 7.871500849723815918e-01 8.040273189544677734e-01 8.087206482887268066e-01 8.231729269027709961e-01 8.232702612876892090e-01 8.303585648536682129e-01 8.409153223037719727e-01 8.564705252647399902e-01 8.752748966217041016e-01 8.588886260986328125e-01 8.496723771095275879e-01 8.541725277900695801e-01 7.282424569129943848e-01 6.842543482780456543e-01 6.040495634078979492e-01 6.064383983612060547e-01 6.025816798210144043e-01 5.901942849159240723e-01 6.074088811874389648e-01 6.007984280586242676e-01 5.851789712905883789e-01 5.774313211441040039e-01 5.987985134124755859e-01 5.861933231353759766e-01 5.784862041473388672e-01 5.889859199523925781e-01 5.718141198158264160e-01 5.498204827308654785e-01 5.584216117858886719e-01 5.854479670524597168e-01 5.816309452056884766e-01 5.880118012428283691e-01 6.089240312576293945e-01 6.091118454933166504e-01 6.216367483139038086e-01 6.392562389373779297e-01 6.051672101020812988e-01 6.100351810455322266e-01 6.154519915580749512e-01 6.076461076736450195e-01 5.919060707092285156e-01 6.061474084854125977e-01 5.874038338661193848e-01 5.952122807502746582e-01
9.293880462646484375e-01 9.257391691207885742e-01 9.267992973327636719e-01 9.287500381469726562e-01 9.108846187591552734e-01 9.081368446350097656e-01 8.991056680679321289e-01 9.397749304771423340e-01 9.214573502540588379e-01 9.098426699638366699e-01 9.374805688858032227e-01 9.484798312187194824e-01 9.771779775619506836e-01 1.006346940994262695e+00 9.865943789482116699e-01 9.302098751068115234e-01 9.235340356826782227e-01 9.013245105743408203e-01 8.979797959327697754e-01 8.862981796264648438e-01 8.507440686225891113e-01 8.512443304061889648e-01 8.502581119537353516e-01 8.606817722320556641e-01 8.649749159812927246e-01 8.727144002914428711e-01 9.070352911949157715e-01 9.201318621635437012e-01 9.479234814643859863e-01 9.371200203895568848e-01 9.718777537345886230e-01 9.747387766838073730e-01 9.574527740478515625e-01 8.174655437469482422e-01 7.333425283432006836e-01 7.501548528671264648e-01 7.323954105377197266e-01 7.200354933738708496e-01 7.278739213943481445e-01 6.890901327133178711e-01 6.929743885993957520e-01 7.119657397270202637e-01 7.318441867828369141e-01 7.458897829055786133e-01 7.238831520080566406e-01 7.151533961296081543e-01 7.220075130462646484e-01 7.403277754783630371e-01 7.360252737998962402e-01 7.580539584159851074e-01 7.556092739105224609e-01 7.496797442436218262e-01 7.668530941009521484e-01 7.750092148780822754e-01 7.888413071632385254e-01 7.848650217056274414e-01 7.998359203338623047e-01 8.104196786880493164e-01 8.270881772041320801e-01 8.200929760932922363e-01 8.388094305992126465e-01 8.462930321693420410e-01 8.571922183036804199e-01 8.757821917533874512e-01 8.698881864547729492e-01 8.769654631614685059e-01 8.654783368110656738e-01 7.514277696609497070e-01 6.798183917999267578e-01 6.188367009162902832e-01 5.974819064140319824e-01 5.938751697540283203e-01 5.965428352355957031e-01 6.050422191619873047e-01 6.173155903816223145e-01 5.780770778656005859e-01 5.954834818840026855e-01 5.914576053619384766e-01 5.774292945861816406e-01 5.672547817230224609e-01 5.669894218444824219e-01 5.745029449462890625e-01 5.707442760467529297e-01 5.730633139610290527e-01 5.915521979331970215e-01 5.913888812065124512e-01 5.901374816894531250e-01 5.934021472930908203e-01 5.943360328674316406e-01 6.011607050895690918e-01 5.951561331748962402e-01 6.016868352890014648e-01 6.000158786773681641e-01 6.056685447692871094e-01 6.020375490188598633e-01 5.825651884078979492e-01 5.784374475479125977e-01 5.804823040962219238e-01 6.118822097778320312e-01
9.362398982048034668e-01 9.313290715217590332e-01 9.256083369255065918e-01 9.382546544075012207e-01 9.286248683929443359e-01 9.235580563545227051e-01 9.145478606224060059e-01 9.455306529998779297e-01 9.246203899383544922e-01 9.155784845352172852e-01 9.445387721061706543e-01 9.556211829185485840e-01 9.654260873794555664e-01 9.865943789482116699e-01 9.897081255912780762e-01 9.446365833282470703e-01 9.072390794754028320e-01 8.834038972854614258e-01 8.838270306587219238e-01 8.693758249282836914e-01 8.347496986389160156e-01 8.342835307121276855e-01 8.390607237815856934e-01 8.530341386795043945e-01 8.644822239875793457e-01 8.668557405471801758e-01 8.839522004127502441e-01 9.110852479934692383e-01 9.362596273422241211e-01 9.345873594284057617e-01 9.664932489395141602e-01 9.607237577438354492e-01 9.375600218772888184e-01 7.965683341026306152e-01 7.220354080200195312e-01 7.354029417037963867e-01 7.120630741119384766e-01 7.176864743232727051e-01 7.146466374397277832e-01 6.850758194923400879e-01 6.895748376846313477e-01 6.963519454002380371e-01 7.218499779701232910e-01 7.295135259628295898e-01 7.028774023056030273e-01 7.036778330802917480e-01 7.085710167884826660e-01 7.213391065597534180e-01 7.236900925636291504e-01 7.532972693443298340e-01 7.355811595916748047e-01 7.320705652236938477e-01 7.450968623161315918e-01 7.632322907447814941e-01 7.735236883163452148e-01 7.837727069854736328e-01 7.966097593307495117e-01 7.948068976402282715e-01 8.145402073860168457e-01 8.383046388626098633e-01 8.438153266906738281e-01 8.537914752960205078e-01 8.591785430908203125e-01 8.640825152397155762e-01 8.477054238319396973e-01 8.571904301643371582e-01 8.703611493110656738e-01 7.456024885177612305e-01 7.020704746246337891e-01 6.059489846229553223e-01 5.957928895950317383e-01 6.025997996330261230e-01 6.070015430450439453e-01 5.857912898063659668e-01 6.093972921371459961e-01 5.804478526115417480e-01 5.836232900619506836e-01 5.789027214050292969e-01 5.590705871582031250e-01 5.598549246788024902e-01 5.672513842582702637e-01 5.611219406127929688e-01 5.569792389869689941e-01 5.522872805595397949e-01 5.822514891624450684e-01 5.780351758003234863e-01 5.695874094963073730e-01 5.825946331024169922e-01 5.889379382133483887e-01 6.012795567512512207e-01 5.864463448524475098e-01 5.673596262931823730e-01 5.941959619522094727e-01 6.025565266609191895e-01 5.855319499969482422e-01 5.735728740692138672e-01 5.736018419265747070e-01 5.721387267112731934e-01 5.783283710479736328e-01
9.120902419090270996e-01 9.083935618400573730e-01 8.974718451499938965e-01 8.992052674293518066e-01 8.926352262496948242e-01 8.908459544181823730e-01 8.882050514221191406e-01 9.253180027008056641e-01 9.045326113700866699e-01 8.975954055786132812e-01 9.074591994285583496e-01 9.106869697570800781e-01 9.123663902282714844e-01 9.302098751068115234e-01 9.446365833282470703e-01 9.751598238945007324e-01 9.354174733161926270e-01 8.919932246208190918e-01 8.866246342658996582e-01 8.714475035667419434e-01 8.342029452323913574e-01 8.391765952110290527e-01 8.218958973884582520e-01 8.347392678260803223e-01 8.468181490898132324e-01 8.545600771903991699e-01 8.769866824150085449e-01 9.129108786582946777e-01 9.389542341232299805e-01 9.303743243217468262e-01 9.757699966430664062e-01 9.602617025375366211e-01 9.438663125038146973e-01 8.016473650932312012e-01 7.194027304649353027e-01 7.169653773307800293e-01 6.835563778877258301e-01 6.894848942756652832e-01 6.855896711349487305e-01 6.643967628479003906e-01 6.686012744903564453e-01 6.688056588172912598e-01 6.768882274627685547e-01 6.868733763694763184e-01 6.667952537536621094e-01 6.600885987281799316e-01 6.616673469543457031e-01 6.735123395919799805e-01 6.711683273315429688e-01 7.001211643218994141e-01 6.970700621604919434e-01 7.000268101692199707e-01 7.091549038887023926e-01 7.263406515121459961e-01 7.452417016029357910e-01 7.619473934173583984e-01 7.698364257812500000e-01 7.619637846946716309e-01 7.892130613327026367e-01 8.120886087417602539e-01 8.356587290763854980e-01 8.232963085174560547e-01 8.294776678085327148e-01 8.159031271934509277e-01 7.994040846824645996e-01 8.086433410644531250e-01 8.050467371940612793e-01 7.009202241897583008e-01 6.503273844718933105e-01 5.884465575218200684e-01 5.706436038017272949e-01 5.773036479949951172e-01 5.815072059631347656e-01 5.683175921440124512e-01 5.779038667678833008e-01 5.564665794372558594e-01 5.603482723236083984e-01 5.636650919914245605e-01 5.550032854080200195e-01 5.683887600898742676e-01 5.615361332893371582e-01 5.611724257469177246e-01 5.551220178604125977e-01 5.755485296249389648e-01 5.651079416275024414e-01 5.679714083671569824e-01 5.631248354911804199e-01 5.689563751220703125e-01 5.711499452590942383e-01 5.873227715492248535e-01 5.661923885345458984e-01 5.823102593421936035e-01 5.926364064216613770e-01 5.869886279106140137e-01 5.760579109191894531e-01 5.690228939056396484e-01 5.813757181167602539e-01 5.792371034622192383e-01 5.729086995124816895e-01
