1.019437789916992188e+00 1.031680226325988770e+00 1.037100553512573242e+00 1.035008907318115234e+00 1.032195925712585449e+00 1.029427886009216309e+00 1.028699994087219238e+00 1.028435468673706055e+00 1.029427886009216309e+00 1.030368804931640625e+00 1.033735394477844238e+00 1.033949136734008789e+00 1.034606456756591797e+00 1.036894083023071289e+00 1.035807609558105469e+00 1.035672307014465332e+00 1.037469863891601562e+00 1.039234161376953125e+00 1.040984630584716797e+00 1.043980121612548828e+00 1.046015262603759766e+00 1.045081138610839844e+00 1.044720888137817383e+00 1.044673919677734375e+00 1.042183637619018555e+00 1.038411855697631836e+00 1.033112764358520508e+00 1.032366633415222168e+00 1.031641125679016113e+00 1.035325765609741211e+00 1.032832503318786621e+00 1.029961466789245605e+00 1.019378423690795898e+00 1.001088142395019531e+00 9.810769557952880859e-01 9.671798944473266602e-01 9.521485567092895508e-01 9.419437646865844727e-01 9.324751496315002441e-01 9.246586561203002930e-01 9.194246530532836914e-01 9.181882143020629883e-01 9.167922735214233398e-01 9.182583093643188477e-01 9.182912707328796387e-01 9.180124402046203613e-01 9.185204505920410156e-01 9.206864833831787109e-01 9.212884306907653809e-01 9.212417006492614746e-01 9.244809746742248535e-01 9.244558811187744141e-01 9.257669448852539062e-01 9.302182793617248535e-01 9.343336820602416992e-01 9.372810125350952148e-01 9.407458901405334473e-01 9.443951845169067383e-01 9.507364630699157715e-01 9.544904828071594238e-01 9.600282311439514160e-01 9.647926688194274902e-01 9.674430489540100098e-01 9.698684811592102051e-01 9.737781286239624023e-01 9.787813425064086914e-01 9.807241559028625488e-01 9.755836725234985352e-01 9.683847427368164062e-01 9.633948206901550293e-01 9.549251794815063477e-01 9.493033885955810547e-01 9.467141032218933105e-01 9.398174881935119629e-01 9.385991692543029785e-01 9.371992349624633789e-01 9.349049925804138184e-01 9.301425218582153320e-01 9.285535216331481934e-01 9.281843304634094238e-01 9.275510311126708984e-01 9.247124195098876953e-01 9.288104772567749023e-01 9.276680946350097656e-01 9.249692559242248535e-01 9.228596687316894531e-01 9.219551086425781250e-01 9.238036274909973145e-01 9.211124777793884277e-01 9.169285893440246582e-01 9.190255999565124512e-01 9.179223179817199707e-01 9.164718389511108398e-01 9.199672937393188477e-01 9.190511703491210938e-01 9.164470434188842773e-01 9.162144660949707031e-01 9.152626991271972656e-01 9.137569069862365723e-01
1.031680226325988770e+00 1.018960475921630859e+00 1.029547691345214844e+00 1.035333991050720215e+00 1.037182092666625977e+00 1.037099957466125488e+00 1.037489891052246094e+00 1.034516811370849609e+00 1.033122062683105469e+00 1.032564997673034668e+00 1.035133838653564453e+00 1.034853816032409668e+00 1.034350514411926270e+00 1.035601377487182617e+00 1.034519672393798828e+00 1.035844326019287109e+00 1.039587974548339844e+00 1.039401292800903320e+00 1.041338801383972168e+00 1.041993856430053711e+00 1.043550014495849609e+00 1.041921973228454590e+00 1.041779160499572754e+00 1.043686509132385254e+00 1.043446540832519531e+00 1.038215041160583496e+00 1.034224867820739746e+00 1.032659530639648438e+00 1.033107995986938477e+00 1.034348964691162109e+00 1.032119870185852051e+00 1.027976870536804199e+00 1.016911864280700684e+00 9.992461204528808594e-01 9.781596660614013672e-01 9.631385207176208496e-01 9.506244659423828125e-01 9.408372640609741211e-01 9.315699934959411621e-01 9.246570467948913574e-01 9.196795821189880371e-01 9.174110889434814453e-01 9.165188074111938477e-01 9.153245091438293457e-01 9.150025248527526855e-01 9.159572720527648926e-01 9.168550968170166016e-01 9.200657010078430176e-01 9.202282428741455078e-01 9.195632338523864746e-01 9.206310510635375977e-01 9.222121238708496094e-01 9.246627688407897949e-01 9.293321371078491211e-01 9.337908029556274414e-01 9.363201260566711426e-01 9.400643706321716309e-01 9.443256258964538574e-01 9.515398740768432617e-01 9.543461203575134277e-01 9.580917358398437500e-01 9.620355963706970215e-01 9.664819836616516113e-01 9.704802632331848145e-01 9.725509285926818848e-01 9.761199951171875000e-01 9.815260171890258789e-01 9.749867916107177734e-01 9.694159030914306641e-01 9.624176621437072754e-01 9.545474052429199219e-01 9.486461281776428223e-01 9.445176124572753906e-01 9.384509921073913574e-01 9.365314245223999023e-01 9.370838403701782227e-01 9.346745610237121582e-01 9.303141236305236816e-01 9.288372993469238281e-01 9.271928071975708008e-01 9.263037443161010742e-01 9.269192814826965332e-01 9.286717176437377930e-01 9.268839359283447266e-01 9.243189692497253418e-01 9.243878722190856934e-01 9.232227802276611328e-01 9.197661876678466797e-01 9.162490367889404297e-01 9.157767891883850098e-01 9.188935160636901855e-01 9.191388487815856934e-01 9.166501164436340332e-01 9.171565175056457520e-01 9.208862185478210449e-01 9.185772538185119629e-01 9.176970124244689941e-01 9.141401648521423340e-01 9.137692451477050781e-01
1.037100553512573242e+00 1.029547691345214844e+00 1.019044160842895508e+00 1.029002308845520020e+00 1.037605166435241699e+00 1.040597438812255859e+00 1.041364431381225586e+00 1.037721157073974609e+00 1.034496307373046875e+00 1.032882690429687500e+00 1.034491181373596191e+00 1.033392906188964844e+00 1.033157706260681152e+00 1.035409927368164062e+00 1.034860253334045410e+00 1.036628723144531250e+00 1.039547801017761230e+00 1.039170026779174805e+00 1.038594841957092285e+00 1.040269851684570312e+00 1.040061116218566895e+00 1.039050102233886719e+00 1.040946483612060547e+00 1.043236732482910156e+00 1.042948961257934570e+00 1.038318753242492676e+00 1.033505201339721680e+00 1.031693100929260254e+00 1.031338334083557129e+00 1.033846616744995117e+00 1.029446125030517578e+00 1.026077747344970703e+00 1.014598965644836426e+00 9.973350167274475098e-01 9.766411185264587402e-01 9.623374342918395996e-01 9.505694508552551270e-01 9.405083060264587402e-01 9.297604560852050781e-01 9.235810637474060059e-01 9.187460541725158691e-01 9.160974025726318359e-01 9.156217575073242188e-01 9.148896932601928711e-01 9.134091138839721680e-01 9.150002598762512207e-01 9.168679118156433105e-01 9.193112254142761230e-01 9.195954203605651855e-01 9.169247150421142578e-01 9.191110134124755859e-01 9.216980338096618652e-01 9.252313375473022461e-01 9.272979497909545898e-01 9.317786693572998047e-01 9.359873533248901367e-01 9.385380148887634277e-01 9.443492889404296875e-01 9.510390162467956543e-01 9.532614350318908691e-01 9.569066762924194336e-01 9.597792625427246094e-01 9.640855789184570312e-01 9.693858623504638672e-01 9.715338945388793945e-01 9.753967523574829102e-01 9.789772629737854004e-01 9.718258380889892578e-01 9.682460427284240723e-01 9.615604281425476074e-01 9.561307430267333984e-01 9.493075013160705566e-01 9.432725310325622559e-01 9.375198483467102051e-01 9.345413446426391602e-01 9.371748566627502441e-01 9.364776015281677246e-01 9.315654039382934570e-01 9.292897582054138184e-01 9.273210167884826660e-01 9.276835322380065918e-01 9.266220927238464355e-01 9.277034997940063477e-01 9.264977574348449707e-01 9.265760183334350586e-01 9.242338538169860840e-01 9.227092862129211426e-01 9.174574017524719238e-01 9.127082824707031250e-01 9.148337841033935547e-01 9.195652008056640625e-01 9.185037016868591309e-01 9.154629707336425781e-01 9.163963198661804199e-01 9.203065037727355957e-01 9.195514321327209473e-01 9.179901480674743652e-01 9.145272374153137207e-01 9.116881489753723145e-01
1.035008907318115234e+00 1.035333991050720215e+00 1.029002308845520020e+00 1.020673513412475586e+00 1.033851623535156250e+00 1.043229460716247559e+00 1.045223951339721680e+00 1.040629506111145020e+00 1.035542249679565430e+00 1.032608628273010254e+00 1.034380078315734863e+00 1.032911539077758789e+00 1.031473875045776367e+00 1.032718300819396973e+00 1.032917737960815430e+00 1.035171031951904297e+00 1.037305712699890137e+00 1.036719918251037598e+00 1.034948587417602539e+00 1.035890936851501465e+00 1.037753224372863770e+00 1.035983085632324219e+00 1.036916613578796387e+00 1.039696574211120605e+00 1.039127230644226074e+00 1.035418033599853516e+00 1.032223582267761230e+00 1.029936313629150391e+00 1.028932929039001465e+00 1.030934095382690430e+00 1.027421832084655762e+00 1.023961186408996582e+00 1.012049794197082520e+00 9.951035976409912109e-01 9.746550917625427246e-01 9.597340822219848633e-01 9.466987848281860352e-01 9.360371232032775879e-01 9.240646958351135254e-01 9.196086525917053223e-01 9.158477783203125000e-01 9.144338965415954590e-01 9.133267998695373535e-01 9.131008386611938477e-01 9.115158915519714355e-01 9.140294194221496582e-01 9.141080379486083984e-01 9.161446094512939453e-01 9.157071709632873535e-01 9.152347445487976074e-01 9.163705706596374512e-01 9.198793172836303711e-01 9.224650859832763672e-01 9.278419017791748047e-01 9.330822229385375977e-01 9.369915723800659180e-01 9.416288137435913086e-01 9.466623663902282715e-01 9.507530927658081055e-01 9.528019428253173828e-01 9.571635127067565918e-01 9.606148004531860352e-01 9.636380672454833984e-01 9.687547683715820312e-01 9.721595644950866699e-01 9.750846028327941895e-01 9.768863916397094727e-01 9.701383709907531738e-01 9.674420356750488281e-01 9.606642723083496094e-01 9.548480510711669922e-01 9.472493529319763184e-01 9.395359158515930176e-01 9.356088638305664062e-01 9.333388805389404297e-01 9.351697564125061035e-01 9.345889687538146973e-01 9.308316707611083984e-01 9.263758659362792969e-01 9.247682690620422363e-01 9.255772829055786133e-01 9.236484169960021973e-01 9.265546798706054688e-01 9.268565773963928223e-01 9.249886870384216309e-01 9.249961972236633301e-01 9.228733777999877930e-01 9.157826900482177734e-01 9.118981957435607910e-01 9.128590822219848633e-01 9.169355034828186035e-01 9.159881472587585449e-01 9.140278100967407227e-01 9.145683646202087402e-01 9.174647927284240723e-01 9.160482287406921387e-01 9.158353209495544434e-01 9.148150682449340820e-01 9.135305285453796387e-01
1.032195925712585449e+00 1.037182092666625977e+00 1.037605166435241699e+00 1.033851623535156250e+00 1.025985002517700195e+00 1.035191535949707031e+00 1.042612314224243164e+00 1.041058778762817383e+00 1.037099242210388184e+00 1.034712672233581543e+00 1.035742163658142090e+00 1.033796191215515137e+00 1.031222701072692871e+00 1.031508207321166992e+00 1.031651854515075684e+00 1.033780694007873535e+00 1.036002993583679199e+00 1.033949136734008789e+00 1.033375501632690430e+00 1.034930944442749023e+00 1.037014484405517578e+00 1.034654259681701660e+00 1.034774541854858398e+00 1.036610603332519531e+00 1.038031220436096191e+00 1.035948395729064941e+00 1.031923651695251465e+00 1.029673457145690918e+00 1.030162572860717773e+00 1.031566262245178223e+00 1.026433110237121582e+00 1.024847269058227539e+00 1.014119386672973633e+00 9.964281320571899414e-01 9.744120240211486816e-01 9.573839902877807617e-01 9.427605867385864258e-01 9.316740036010742188e-01 9.218099713325500488e-01 9.171172976493835449e-01 9.138731956481933594e-01 9.141502380371093750e-01 9.146756529808044434e-01 9.135822057723999023e-01 9.122369289398193359e-01 9.118909239768981934e-01 9.118199348449707031e-01 9.120909571647644043e-01 9.129048585891723633e-01 9.154632687568664551e-01 9.173421859741210938e-01 9.211077690124511719e-01 9.228208661079406738e-01 9.278864264488220215e-01 9.347617626190185547e-01 9.374256134033203125e-01 9.436807036399841309e-01 9.482588171958923340e-01 9.502999186515808105e-01 9.519648551940917969e-01 9.567893147468566895e-01 9.614707827568054199e-01 9.660317301750183105e-01 9.683570265769958496e-01 9.732120037078857422e-01 9.779562354087829590e-01 9.777433276176452637e-01 9.714927077293395996e-01 9.688420891761779785e-01 9.614015817642211914e-01 9.538642168045043945e-01 9.463490247726440430e-01 9.415544867515563965e-01 9.376409649848937988e-01 9.362721443176269531e-01 9.345034360885620117e-01 9.339423775672912598e-01 9.292314648628234863e-01 9.261941313743591309e-01 9.237360954284667969e-01 9.233462214469909668e-01 9.225416183471679688e-01 9.249926805496215820e-01 9.228137135505676270e-01 9.215841889381408691e-01 9.224370121955871582e-01 9.225267171859741211e-01 9.192069172859191895e-01 9.153166413307189941e-01 9.154413342475891113e-01 9.172655344009399414e-01 9.160884618759155273e-01 9.128196239471435547e-01 9.131663441658020020e-01 9.152204990386962891e-01 9.156014323234558105e-01 9.143971800804138184e-01 9.142456054687500000e-01 9.171627163887023926e-01
1.029427886009216309e+00 1.037099957466125488e+00 1.040597438812255859e+00 1.043229460716247559e+00 1.035191535949707031e+00 1.027379989624023438e+00 1.034041881561279297e+00 1.039264082908630371e+00 1.037430047988891602e+00 1.035772919654846191e+00 1.035736560821533203e+00 1.031574487686157227e+00 1.029159307479858398e+00 1.030304908752441406e+00 1.030174493789672852e+00 1.031488418579101562e+00 1.032894849777221680e+00 1.032029032707214355e+00 1.032393813133239746e+00 1.033920645713806152e+00 1.035819172859191895e+00 1.032869458198547363e+00 1.032053589820861816e+00 1.033324122428894043e+00 1.033616542816162109e+00 1.032144665718078613e+00 1.028831481933593750e+00 1.027289390563964844e+00 1.027079701423645020e+00 1.028340816497802734e+00 1.024116396903991699e+00 1.023159146308898926e+00 1.012837529182434082e+00 9.944703578948974609e-01 9.712583422660827637e-01 9.556155800819396973e-01 9.412744641304016113e-01 9.298642277717590332e-01 9.200582504272460938e-01 9.145902395248413086e-01 9.108162522315979004e-01 9.119094610214233398e-01 9.110042452812194824e-01 9.107294678688049316e-01 9.096534252166748047e-01 9.089054465293884277e-01 9.093986749649047852e-01 9.104679822921752930e-01 9.134562015533447266e-01 9.153172373771667480e-01 9.177175760269165039e-01 9.205197095870971680e-01 9.222385287284851074e-01 9.260435104370117188e-01 9.313056468963623047e-01 9.355363249778747559e-01 9.404006004333496094e-01 9.457742571830749512e-01 9.497200250625610352e-01 9.511318206787109375e-01 9.572322964668273926e-01 9.620204567909240723e-01 9.669477343559265137e-01 9.706329703330993652e-01 9.749474525451660156e-01 9.777538180351257324e-01 9.785954356193542480e-01 9.732381701469421387e-01 9.681499004364013672e-01 9.596294760704040527e-01 9.527752995491027832e-01 9.479318261146545410e-01 9.420584440231323242e-01 9.398031830787658691e-01 9.381309151649475098e-01 9.355607628822326660e-01 9.309683442115783691e-01 9.251074790954589844e-01 9.238311648368835449e-01 9.221721887588500977e-01 9.223660230636596680e-01 9.229779243469238281e-01 9.246707558631896973e-01 9.215670228004455566e-01 9.174531698226928711e-01 9.192329049110412598e-01 9.186722040176391602e-01 9.194308519363403320e-01 9.171133637428283691e-01 9.155083298683166504e-01 9.161589741706848145e-01 9.152495861053466797e-01 9.126542806625366211e-01 9.119509458541870117e-01 9.162271618843078613e-01 9.165273904800415039e-01 9.151110053062438965e-01 9.154737591743469238e-01 9.166160225868225098e-01
1.028699994087219238e+00 1.037489891052246094e+00 1.041364431381225586e+00 1.045223951339721680e+00 1.042612314224243164e+00 1.034041881561279297e+00 1.021697521209716797e+00 1.030555248260498047e+00 1.034137845039367676e+00 1.034059882164001465e+00 1.034916043281555176e+00 1.030819773674011230e+00 1.028346896171569824e+00 1.028709530830383301e+00 1.027508497238159180e+00 1.028239488601684570e+00 1.029911279678344727e+00 1.029752135276794434e+00 1.030956387519836426e+00 1.032567858695983887e+00 1.033805966377258301e+00 1.031450748443603516e+00 1.029793381690979004e+00 1.030464649200439453e+00 1.030979990959167480e+00 1.028734326362609863e+00 1.026397824287414551e+00 1.025528907775878906e+00 1.025779962539672852e+00 1.027281761169433594e+00 1.023420453071594238e+00 1.022645115852355957e+00 1.012709736824035645e+00 9.943305850028991699e-01 9.710186123847961426e-01 9.541597366333007812e-01 9.391891360282897949e-01 9.294097423553466797e-01 9.198764562606811523e-01 9.155552387237548828e-01 9.111107587814331055e-01 9.095669388771057129e-01 9.093456268310546875e-01 9.087907671928405762e-01 9.068405628204345703e-01 9.071079492568969727e-01 9.070545434951782227e-01 9.095069766044616699e-01 9.116228222846984863e-01 9.155415892601013184e-01 9.179936647415161133e-01 9.206886291503906250e-01 9.231051206588745117e-01 9.259717464447021484e-01 9.296957850456237793e-01 9.328023195266723633e-01 9.380223751068115234e-01 9.438417553901672363e-01 9.487610459327697754e-01 9.512345194816589355e-01 9.581974148750305176e-01 9.631528854370117188e-01 9.693980813026428223e-01 9.752758741378784180e-01 9.778884053230285645e-01 9.785802960395812988e-01 9.806779026985168457e-01 9.743655323982238770e-01 9.683282971382141113e-01 9.607576131820678711e-01 9.543059468269348145e-01 9.485827684402465820e-01 9.428008198738098145e-01 9.399775862693786621e-01 9.391247630119323730e-01 9.358054995536804199e-01 9.302893877029418945e-01 9.249473214149475098e-01 9.264558553695678711e-01 9.241861701011657715e-01 9.232849478721618652e-01 9.223339557647705078e-01 9.234346151351928711e-01 9.185228347778320312e-01 9.182343482971191406e-01 9.194580912590026855e-01 9.178254604339599609e-01 9.170532226562500000e-01 9.182003736495971680e-01 9.172425866127014160e-01 9.200394749641418457e-01 9.172660708427429199e-01 9.131759405136108398e-01 9.144482612609863281e-01 9.185630679130554199e-01 9.167461991310119629e-01 9.154787659645080566e-01 9.142407178878784180e-01 9.143937826156616211e-01
1.028435468673706055e+00 1.034516811370849609e+00 1.037721157073974609e+00 1.040629506111145020e+00 1.041058778762817383e+00 1.039264082908630371e+00 1.030555248260498047e+00 1.020388245582580566e+00 1.027808070182800293e+00 1.031146407127380371e+00 1.034648180007934570e+00 1.030260682106018066e+00 1.027240037918090820e+00 1.026851654052734375e+00 1.025480628013610840e+00 1.025989413261413574e+00 1.026886582374572754e+00 1.026578068733215332e+00 1.027875304222106934e+00 1.029156327247619629e+00 1.030794024467468262e+00 1.029207468032836914e+00 1.028214454650878906e+00 1.029565572738647461e+00 1.029636502265930176e+00 1.026212930679321289e+00 1.023657917976379395e+00 1.024288058280944824e+00 1.022390246391296387e+00 1.024885177612304688e+00 1.020957589149475098e+00 1.019651055335998535e+00 1.008449792861938477e+00 9.906137585639953613e-01 9.662396311759948730e-01 9.500139951705932617e-01 9.361271858215332031e-01 9.263430833816528320e-01 9.182568192481994629e-01 9.131330847740173340e-01 9.080050587654113770e-01 9.069082736968994141e-01 9.068306088447570801e-01 9.054785966873168945e-01 9.040881991386413574e-01 9.049297571182250977e-01 9.047383666038513184e-01 9.064718484878540039e-01 9.095922708511352539e-01 9.147189259529113770e-01 9.182176589965820312e-01 9.200304746627807617e-01 9.219961762428283691e-01 9.251894950866699219e-01 9.276633858680725098e-01 9.283595681190490723e-01 9.332541227340698242e-01 9.403128027915954590e-01 9.466134309768676758e-01 9.498920440673828125e-01 9.563753604888916016e-01 9.633852243423461914e-01 9.679573178291320801e-01 9.738785028457641602e-01 9.779031872749328613e-01 9.779337644577026367e-01 9.811270833015441895e-01 9.741125702857971191e-01 9.683999419212341309e-01 9.619590044021606445e-01 9.550544619560241699e-01 9.480558037757873535e-01 9.441649913787841797e-01 9.403371810913085938e-01 9.378193020820617676e-01 9.333704113960266113e-01 9.285764694213867188e-01 9.244487285614013672e-01 9.273648858070373535e-01 9.231347441673278809e-01 9.200921654701232910e-01 9.178943037986755371e-01 9.195889830589294434e-01 9.170557856559753418e-01 9.159557223320007324e-01 9.175149202346801758e-01 9.164890646934509277e-01 9.170618057250976562e-01 9.173490405082702637e-01 9.179429411888122559e-01 9.203572869300842285e-01 9.190801382064819336e-01 9.145544767379760742e-01 9.116381406784057617e-01 9.152120351791381836e-01 9.150539636611938477e-01 9.147175550460815430e-01 9.130209684371948242e-01 9.114416837692260742e-01
1.029427886009216309e+00 1.033122062683105469e+00 1.034496307373046875e+00 1.035542249679565430e+00 1.037099242210388184e+00 1.037430047988891602e+00 1.034137845039367676e+00 1.027808070182800293e+00 1.015347242355346680e+00 1.022254347801208496e+00 1.030208230018615723e+00 1.030238032341003418e+00 1.028478622436523438e+00 1.027249097824096680e+00 1.025200247764587402e+00 1.025407314300537109e+00 1.026130914688110352e+00 1.026341557502746582e+00 1.027987360954284668e+00 1.030482172966003418e+00 1.032275557518005371e+00 1.030502438545227051e+00 1.030090093612670898e+00 1.031387209892272949e+00 1.029942274093627930e+00 1.027192234992980957e+00 1.024101614952087402e+00 1.023890495300292969e+00 1.023125290870666504e+00 1.025250077247619629e+00 1.020699739456176758e+00 1.018544554710388184e+00 1.007629871368408203e+00 9.892338514328002930e-01 9.657579064369201660e-01 9.508652091026306152e-01 9.367350935935974121e-01 9.272071719169616699e-01 9.178513884544372559e-01 9.129223227500915527e-01 9.079449176788330078e-01 9.064367413520812988e-01 9.059793949127197266e-01 9.054368138313293457e-01 9.037644863128662109e-01 9.047629237174987793e-01 9.055031538009643555e-01 9.062120318412780762e-01 9.085617065429687500e-01 9.137883186340332031e-01 9.176298379898071289e-01 9.200598001480102539e-01 9.230049848556518555e-01 9.248714447021484375e-01 9.268414974212646484e-01 9.290232062339782715e-01 9.328513145446777344e-01 9.404768347740173340e-01 9.452316761016845703e-01 9.494577646255493164e-01 9.568148851394653320e-01 9.650194644927978516e-01 9.701473116874694824e-01 9.749400615692138672e-01 9.774667620658874512e-01 9.775621294975280762e-01 9.825984835624694824e-01 9.778452515602111816e-01 9.709347486495971680e-01 9.642250537872314453e-01 9.576860070228576660e-01 9.495158791542053223e-01 9.456616044044494629e-01 9.420983791351318359e-01 9.384613633155822754e-01 9.343017339706420898e-01 9.299747347831726074e-01 9.273473024368286133e-01 9.289159178733825684e-01 9.255624413490295410e-01 9.202042222023010254e-01 9.178137183189392090e-01 9.200455546379089355e-01 9.166945815086364746e-01 9.172917604446411133e-01 9.194729924201965332e-01 9.193100929260253906e-01 9.166715741157531738e-01 9.175636768341064453e-01 9.184861183166503906e-01 9.188601970672607422e-01 9.184813499450683594e-01 9.133992791175842285e-01 9.095954895019531250e-01 9.127145409584045410e-01 9.144195318222045898e-01 9.145072698593139648e-01 9.135975837707519531e-01 9.074730873107910156e-01
1.030368804931640625e+00 1.032564997673034668e+00 1.032882690429687500e+00 1.032608628273010254e+00 1.034712672233581543e+00 1.035772919654846191e+00 1.034059882164001465e+00 1.031146407127380371e+00 1.022254347801208496e+00 1.014273285865783691e+00 1.022974610328674316e+00 1.030022978782653809e+00 1.029650688171386719e+00 1.028402328491210938e+00 1.026495695114135742e+00 1.025575995445251465e+00 1.028023004531860352e+00 1.027212858200073242e+00 1.027677893638610840e+00 1.030206561088562012e+00 1.031345248222351074e+00 1.030391454696655273e+00 1.031288027763366699e+00 1.030001759529113770e+00 1.029004216194152832e+00 1.026411175727844238e+00 1.023781538009643555e+00 1.022361040115356445e+00 1.022418856620788574e+00 1.023297548294067383e+00 1.020228981971740723e+00 1.016813278198242188e+00 1.005230665206909180e+00 9.874674677848815918e-01 9.655693769454956055e-01 9.492725729942321777e-01 9.364180564880371094e-01 9.259172081947326660e-01 9.156193137168884277e-01 9.123961925506591797e-01 9.074550867080688477e-01 9.057216644287109375e-01 9.057767391204833984e-01 9.056764841079711914e-01 9.048466086387634277e-01 9.050333499908447266e-01 9.036060571670532227e-01 9.058440923690795898e-01 9.074918031692504883e-01 9.108781814575195312e-01 9.147636890411376953e-01 9.187340736389160156e-01 9.214097857475280762e-01 9.242664575576782227e-01 9.272063970565795898e-01 9.284555315971374512e-01 9.328706860542297363e-01 9.388791322708129883e-01 9.458265304565429688e-01 9.507268071174621582e-01 9.574577808380126953e-01 9.649166464805603027e-01 9.703301191329956055e-01 9.762272238731384277e-01 9.788438081741333008e-01 9.792417287826538086e-01 9.838810563087463379e-01 9.794539213180541992e-01 9.726572036743164062e-01 9.642363190650939941e-01 9.581693410873413086e-01 9.512635469436645508e-01 9.477484822273254395e-01 9.445730447769165039e-01 9.425215125083923340e-01 9.369235634803771973e-01 9.325809478759765625e-01 9.285306334495544434e-01 9.308827519416809082e-01 9.304760694503784180e-01 9.247922897338867188e-01 9.177017211914062500e-01 9.156357645988464355e-01 9.131150245666503906e-01 9.191381931304931641e-01 9.237502813339233398e-01 9.251959323883056641e-01 9.199981093406677246e-01 9.202269315719604492e-01 9.181413054466247559e-01 9.172121286392211914e-01 9.153023362159729004e-01 9.130383133888244629e-01 9.096590280532836914e-01 9.113448262214660645e-01 9.148965477943420410e-01 9.165617823600769043e-01 9.141630530357360840e-01 9.089634418487548828e-01
1.033735394477844238e+00 1.035133838653564453e+00 1.034491181373596191e+00 1.034380078315734863e+00 1.035742163658142090e+00 1.035736560821533203e+00 1.034916043281555176e+00 1.034648180007934570e+00 1.030208230018615723e+00 1.022974610328674316e+00 1.020783424377441406e+00 1.026427626609802246e+00 1.030574560165405273e+00 1.030725240707397461e+00 1.028968095779418945e+00 1.028589963912963867e+00 1.028559684753417969e+00 1.027956485748291016e+00 1.028721094131469727e+00 1.031339526176452637e+00 1.031853437423706055e+00 1.030592560768127441e+00 1.031423926353454590e+00 1.030695676803588867e+00 1.030237078666687012e+00 1.028381943702697754e+00 1.024870276451110840e+00 1.024066805839538574e+00 1.023719310760498047e+00 1.023966312408447266e+00 1.021323084831237793e+00 1.018521428108215332e+00 1.005937576293945312e+00 9.879469871520996094e-01 9.653925299644470215e-01 9.499408602714538574e-01 9.369331598281860352e-01 9.264969825744628906e-01 9.164800643920898438e-01 9.123235344886779785e-01 9.079195857048034668e-01 9.081471562385559082e-01 9.086746573448181152e-01 9.080603122711181641e-01 9.071152210235595703e-01 9.059237837791442871e-01 9.050005674362182617e-01 9.059700369834899902e-01 9.058542251586914062e-01 9.096868038177490234e-01 9.136917591094970703e-01 9.190093874931335449e-01 9.210468530654907227e-01 9.232593774795532227e-01 9.264487028121948242e-01 9.309694766998291016e-01 9.358985424041748047e-01 9.400502443313598633e-01 9.463398456573486328e-01 9.514769911766052246e-01 9.583196043968200684e-01 9.659816026687622070e-01 9.716120958328247070e-01 9.776227474212646484e-01 9.805405735969543457e-01 9.842675328254699707e-01 9.890943765640258789e-01 9.837939739227294922e-01 9.757596850395202637e-01 9.669920206069946289e-01 9.604652523994445801e-01 9.547876715660095215e-01 9.518530368804931641e-01 9.503091573715209961e-01 9.476544260978698730e-01 9.425762891769409180e-01 9.386664032936096191e-01 9.344509840011596680e-01 9.342342019081115723e-01 9.322660565376281738e-01 9.286814928054809570e-01 9.208972454071044922e-01 9.203442931175231934e-01 9.148286581039428711e-01 9.197486639022827148e-01 9.257431030273437500e-01 9.262226223945617676e-01 9.247348308563232422e-01 9.223855733871459961e-01 9.193655848503112793e-01 9.212087988853454590e-01 9.175423979759216309e-01 9.138144254684448242e-01 9.133382439613342285e-01 9.175711870193481445e-01 9.193519949913024902e-01 9.171446561813354492e-01 9.156110286712646484e-01 9.121516346931457520e-01
1.033949136734008789e+00 1.034853816032409668e+00 1.033392906188964844e+00 1.032911539077758789e+00 1.033796191215515137e+00 1.031574487686157227e+00 1.030819773674011230e+00 1.030260682106018066e+00 1.030238032341003418e+00 1.030022978782653809e+00 1.026427626609802246e+00 1.016477704048156738e+00 1.023275375366210938e+00 1.027666807174682617e+00 1.028382420539855957e+00 1.028943896293640137e+00 1.029638528823852539e+00 1.027848958969116211e+00 1.027853131294250488e+00 1.028500914573669434e+00 1.029065012931823730e+00 1.026554822921752930e+00 1.026947140693664551e+00 1.026570320129394531e+00 1.026812911033630371e+00 1.026247382164001465e+00 1.022473573684692383e+00 1.020123720169067383e+00 1.020063877105712891e+00 1.021365404129028320e+00 1.017785310745239258e+00 1.013307213783264160e+00 1.001533031463623047e+00 9.839397668838500977e-01 9.620083570480346680e-01 9.471020698547363281e-01 9.337536096572875977e-01 9.243599772453308105e-01 9.149168133735656738e-01 9.096406698226928711e-01 9.050889611244201660e-01 9.050456285476684570e-01 9.060231447219848633e-01 9.055842161178588867e-01 9.058830142021179199e-01 9.046401381492614746e-01 9.020596146583557129e-01 9.032084941864013672e-01 9.012770056724548340e-01 9.049828648567199707e-01 9.119116067886352539e-01 9.167648553848266602e-01 9.175043106079101562e-01 9.186671376228332520e-01 9.227200150489807129e-01 9.278175234794616699e-01 9.329879879951477051e-01 9.371834993362426758e-01 9.460290670394897461e-01 9.516633749008178711e-01 9.588950276374816895e-01 9.652081131935119629e-01 9.706135392189025879e-01 9.773784875869750977e-01 9.830986261367797852e-01 9.848739504814147949e-01 9.919548034667968750e-01 9.847027659416198730e-01 9.761837720870971680e-01 9.691324830055236816e-01 9.605795741081237793e-01 9.565346837043762207e-01 9.547733068466186523e-01 9.512897729873657227e-01 9.482312202453613281e-01 9.452397823333740234e-01 9.423608779907226562e-01 9.374777674674987793e-01 9.348282217979431152e-01 9.322270750999450684e-01 9.269282221794128418e-01 9.212291836738586426e-01 9.195696711540222168e-01 9.152566790580749512e-01 9.205272793769836426e-01 9.239568114280700684e-01 9.232174158096313477e-01 9.214643239974975586e-01 9.202447533607482910e-01 9.178640246391296387e-01 9.215120077133178711e-01 9.182928204536437988e-01 9.147548079490661621e-01 9.161094427108764648e-01 9.176848530769348145e-01 9.177095890045166016e-01 9.164294600486755371e-01 9.150877594947814941e-01 9.138984680175781250e-01
1.034606456756591797e+00 1.034350514411926270e+00 1.033157706260681152e+00 1.031473875045776367e+00 1.031222701072692871e+00 1.029159307479858398e+00 1.028346896171569824e+00 1.027240037918090820e+00 1.028478622436523438e+00 1.029650688171386719e+00 1.030574560165405273e+00 1.023275375366210938e+00 1.015740394592285156e+00 1.023869276046752930e+00 1.028888106346130371e+00 1.030920147895812988e+00 1.032885909080505371e+00 1.030581355094909668e+00 1.031068921089172363e+00 1.030887722969055176e+00 1.030077219009399414e+00 1.027021169662475586e+00 1.027622342109680176e+00 1.027943134307861328e+00 1.027451157569885254e+00 1.025378704071044922e+00 1.022331237792968750e+00 1.020739316940307617e+00 1.021851658821105957e+00 1.022859811782836914e+00 1.018787264823913574e+00 1.014081001281738281e+00 1.002581477165222168e+00 9.844771027565002441e-01 9.616824984550476074e-01 9.465563893318176270e-01 9.327881932258605957e-01 9.223416447639465332e-01 9.135907888412475586e-01 9.097605943679809570e-01 9.067696928977966309e-01 9.057604074478149414e-01 9.069806337356567383e-01 9.062078595161437988e-01 9.039064645767211914e-01 9.028301835060119629e-01 9.006007313728332520e-01 9.022598862648010254e-01 9.027222394943237305e-01 9.063734412193298340e-01 9.130966663360595703e-01 9.165419936180114746e-01 9.172981977462768555e-01 9.192000031471252441e-01 9.253494739532470703e-01 9.297218322753906250e-01 9.354948997497558594e-01 9.408314824104309082e-01 9.479293227195739746e-01 9.542550444602966309e-01 9.599264264106750488e-01 9.656811952590942383e-01 9.712027907371520996e-01 9.799517393112182617e-01 9.875413775444030762e-01 9.904114603996276855e-01 9.930588603019714355e-01 9.885306358337402344e-01 9.807634949684143066e-01 9.731265902519226074e-01 9.647642374038696289e-01 9.612231850624084473e-01 9.582206606864929199e-01 9.546067118644714355e-01 9.518582820892333984e-01 9.464039802551269531e-01 9.409595131874084473e-01 9.369874000549316406e-01 9.366222620010375977e-01 9.334297180175781250e-01 9.281872510910034180e-01 9.226162433624267578e-01 9.226294159889221191e-01 9.199276566505432129e-01 9.212815165519714355e-01 9.247529506683349609e-01 9.249734282493591309e-01 9.231789112091064453e-01 9.218483567237854004e-01 9.192047119140625000e-01 9.233296513557434082e-01 9.234138131141662598e-01 9.201514124870300293e-01 9.199749827384948730e-01 9.193650484085083008e-01 9.192503690719604492e-01 9.186912775039672852e-01 9.184758663177490234e-01 9.161586165428161621e-01
1.036894083023071289e+00 1.035601377487182617e+00 1.035409927368164062e+00 1.032718300819396973e+00 1.031508207321166992e+00 1.030304908752441406e+00 1.028709530830383301e+00 1.026851654052734375e+00 1.027249097824096680e+00 1.028402328491210938e+00 1.030725240707397461e+00 1.027666807174682617e+00 1.023869276046752930e+00 1.015077948570251465e+00 1.022971987724304199e+00 1.028220534324645996e+00 1.034160733222961426e+00 1.032452940940856934e+00 1.032326221466064453e+00 1.031070351600646973e+00 1.030257344245910645e+00 1.025702953338623047e+00 1.026399493217468262e+00 1.027148127555847168e+00 1.026222944259643555e+00 1.024605512619018555e+00 1.022300481796264648e+00 1.020851016044616699e+00 1.022638916969299316e+00 1.022869348526000977e+00 1.019132137298583984e+00 1.014022469520568848e+00 1.003327965736389160e+00 9.836992025375366211e-01 9.626880884170532227e-01 9.464125633239746094e-01 9.318220615386962891e-01 9.215226173400878906e-01 9.131492376327514648e-01 9.082396030426025391e-01 9.042199850082397461e-01 9.055238366127014160e-01 9.059875607490539551e-01 9.046539068222045898e-01 9.018805623054504395e-01 9.020670652389526367e-01 9.010789394378662109e-01 9.023478627204895020e-01 9.044885635375976562e-01 9.083346724510192871e-01 9.138475656509399414e-01 9.166121482849121094e-01 9.199779629707336426e-01 9.245789051055908203e-01 9.299683570861816406e-01 9.354085326194763184e-01 9.420327544212341309e-01 9.453966617584228516e-01 9.522110223770141602e-01 9.570747613906860352e-01 9.628926515579223633e-01 9.691251516342163086e-01 9.774812459945678711e-01 9.849495291709899902e-01 9.915032982826232910e-01 9.949109554290771484e-01 9.982720613479614258e-01 9.916421771049499512e-01 9.833320975303649902e-01 9.756350517272949219e-01 9.693735241889953613e-01 9.628669023513793945e-01 9.599021673202514648e-01 9.564189314842224121e-01 9.533336162567138672e-01 9.476452469825744629e-01 9.434424638748168945e-01 9.383186101913452148e-01 9.369975924491882324e-01 9.349355697631835938e-01 9.327660799026489258e-01 9.274483919143676758e-01 9.263231754302978516e-01 9.226976037025451660e-01 9.232298135757446289e-01 9.274666905403137207e-01 9.280387759208679199e-01 9.268529415130615234e-01 9.257442951202392578e-01 9.248033761978149414e-01 9.270305037498474121e-01 9.266965389251708984e-01 9.234462976455688477e-01 9.213904738426208496e-01 9.203257560729980469e-01 9.199604988098144531e-01 9.207800030708312988e-01 9.228732585906982422e-01 9.210219979286193848e-01
1.035807609558105469e+00 1.034519672393798828e+00 1.034860253334045410e+00 1.032917737960815430e+00 1.031651854515075684e+00 1.030174493789672852e+00 1.027508497238159180e+00 1.025480628013610840e+00 1.025200247764587402e+00 1.026495695114135742e+00 1.028968095779418945e+00 1.028382420539855957e+00 1.028888106346130371e+00 1.022971987724304199e+00 1.012675523757934570e+00 1.024684906005859375e+00 1.034443020820617676e+00 1.034020066261291504e+00 1.032848358154296875e+00 1.031408548355102539e+00 1.030328154563903809e+00 1.026401758193969727e+00 1.027245759963989258e+00 1.027621626853942871e+00 1.026470661163330078e+00 1.023653984069824219e+00 1.021721124649047852e+00 1.021560549736022949e+00 1.022565603256225586e+00 1.023666739463806152e+00 1.018523216247558594e+00 1.015290737152099609e+00 1.005597114562988281e+00 9.840390086174011230e-01 9.621202945709228516e-01 9.458347558975219727e-01 9.316584467887878418e-01 9.214754104614257812e-01 9.132995605468750000e-01 9.099211692810058594e-01 9.059031009674072266e-01 9.053550958633422852e-01 9.052183032035827637e-01 9.033217430114746094e-01 9.013165831565856934e-01 9.015967249870300293e-01 9.006650447845458984e-01 9.023079276084899902e-01 9.061048626899719238e-01 9.097873568534851074e-01 9.145777225494384766e-01 9.181740880012512207e-01 9.220294356346130371e-01 9.280717372894287109e-01 9.329807162284851074e-01 9.396423697471618652e-01 9.479562640190124512e-01 9.524302482604980469e-01 9.581825733184814453e-01 9.628089666366577148e-01 9.677051901817321777e-01 9.747553467750549316e-01 9.805062413215637207e-01 9.893457889556884766e-01 9.967169761657714844e-01 1.000556826591491699e+00 1.001570463180541992e+00 9.936873912811279297e-01 9.851924777030944824e-01 9.777094721794128418e-01 9.704403877258300781e-01 9.632531404495239258e-01 9.600130915641784668e-01 9.560952782630920410e-01 9.541713595390319824e-01 9.508035182952880859e-01 9.456618428230285645e-01 9.391131401062011719e-01 9.371434450149536133e-01 9.356434345245361328e-01 9.336334466934204102e-01 9.291499853134155273e-01 9.261062741279602051e-01 9.236802458763122559e-01 9.245323538780212402e-01 9.289196133613586426e-01 9.274525046348571777e-01 9.280967116355895996e-01 9.295159578323364258e-01 9.290503859519958496e-01 9.295579791069030762e-01 9.269863963127136230e-01 9.198970198631286621e-01 9.188789129257202148e-01 9.175378084182739258e-01 9.148094654083251953e-01 9.169485569000244141e-01 9.200519919395446777e-01 9.227571487426757812e-01
1.035672307014465332e+00 1.035844326019287109e+00 1.036628723144531250e+00 1.035171031951904297e+00 1.033780694007873535e+00 1.031488418579101562e+00 1.028239488601684570e+00 1.025989413261413574e+00 1.025407314300537109e+00 1.025575995445251465e+00 1.028589963912963867e+00 1.028943896293640137e+00 1.030920147895812988e+00 1.028220534324645996e+00 1.024684906005859375e+00 1.024030804634094238e+00 1.032332181930541992e+00 1.034829854965209961e+00 1.033187031745910645e+00 1.032864689826965332e+00 1.031681060791015625e+00 1.027731299400329590e+00 1.027387261390686035e+00 1.026241660118103027e+00 1.024471759796142578e+00 1.021379828453063965e+00 1.021412134170532227e+00 1.022178292274475098e+00 1.022451877593994141e+00 1.022736549377441406e+00 1.018070697784423828e+00 1.014480113983154297e+00 1.005386352539062500e+00 9.836195707321166992e-01 9.601250290870666504e-01 9.438749551773071289e-01 9.299619793891906738e-01 9.187977910041809082e-01 9.106484055519104004e-01 9.074124693870544434e-01 9.045779109001159668e-01 9.051510095596313477e-01 9.035517573356628418e-01 9.026858210563659668e-01 9.005932807922363281e-01 9.001223444938659668e-01 8.999130725860595703e-01 9.025110602378845215e-01 9.079268574714660645e-01 9.108516573905944824e-01 9.165136218070983887e-01 9.205163121223449707e-01 9.235914945602416992e-01 9.308193922042846680e-01 9.361827373504638672e-01 9.418490529060363770e-01 9.478261470794677734e-01 9.537366628646850586e-01 9.619730710983276367e-01 9.660627245903015137e-01 9.698293209075927734e-01 9.768018722534179688e-01 9.834339618682861328e-01 9.908944368362426758e-01 9.992924332618713379e-01 1.002342939376831055e+00 1.004064917564392090e+00 9.965422153472900391e-01 9.881964325904846191e-01 9.808841943740844727e-01 9.714202880859375000e-01 9.641227126121520996e-01 9.615011215209960938e-01 9.555714130401611328e-01 9.551709890365600586e-01 9.544926285743713379e-01 9.487277865409851074e-01 9.452639818191528320e-01 9.440364837646484375e-01 9.410259127616882324e-01 9.359959363937377930e-01 9.307329058647155762e-01 9.293367266654968262e-01 9.259780049324035645e-01 9.258764982223510742e-01 9.271520376205444336e-01 9.283753633499145508e-01 9.296293854713439941e-01 9.340292811393737793e-01 9.315016865730285645e-01 9.303631186485290527e-01 9.268144369125366211e-01 9.219671487808227539e-01 9.186076521873474121e-01 9.186099171638488770e-01 9.146226048469543457e-01 9.165942072868347168e-01 9.216390848159790039e-01 9.248159527778625488e-01
