1.020766496658325195e+00 1.020760655403137207e+00 1.018549561500549316e+00 1.028186678886413574e+00 1.033713340759277344e+00 1.037295579910278320e+00 1.041468501091003418e+00 1.040532112121582031e+00 1.043969154357910156e+00 1.050054669380187988e+00 1.051881790161132812e+00 1.058525562286376953e+00 1.060056209564208984e+00 1.060654759407043457e+00 1.066046476364135742e+00 1.064897179603576660e+00 1.064551353454589844e+00 1.069901108741760254e+00 1.075728058815002441e+00 1.075931549072265625e+00 1.075160384178161621e+00 1.081072688102722168e+00 1.085809350013732910e+00 1.087157726287841797e+00 1.082197785377502441e+00 1.086203336715698242e+00 1.093685030937194824e+00 1.097833037376403809e+00 1.102625131607055664e+00 1.107052683830261230e+00 1.095735907554626465e+00 1.074777722358703613e+00 1.026964068412780762e+00 9.526579380035400391e-01 9.087774753570556641e-01 8.878392577171325684e-01 8.711363077163696289e-01 8.604319691658020020e-01 8.624781966209411621e-01 8.624106049537658691e-01 8.575318455696105957e-01 8.556621074676513672e-01 8.556417226791381836e-01 8.529054522514343262e-01 8.576300144195556641e-01 8.615844249725341797e-01 8.592642545700073242e-01 8.601225614547729492e-01 8.698730468750000000e-01 8.785883188247680664e-01 8.903327584266662598e-01 9.049688577651977539e-01 9.180245995521545410e-01 9.281238913536071777e-01 9.363180398941040039e-01 9.538117051124572754e-01 9.718834161758422852e-01 9.811463952064514160e-01 9.986432194709777832e-01 1.021610856056213379e+00 1.045146822929382324e+00 1.060597300529479980e+00 1.078522324562072754e+00 1.102662324905395508e+00 1.131884574890136719e+00 1.156329154968261719e+00 1.188632249832153320e+00 1.191603183746337891e+00 1.164635300636291504e+00 1.130508542060852051e+00 1.095487833023071289e+00 1.067541122436523438e+00 1.048883676528930664e+00 1.026998519897460938e+00 1.017521977424621582e+00 1.010533332824707031e+00 1.007028341293334961e+00 9.954852461814880371e-01 9.871405959129333496e-01 9.803829789161682129e-01 9.731067419052124023e-01 9.664992094039916992e-01 9.696875214576721191e-01 9.625059962272644043e-01 9.656178355216979980e-01 9.610697627067565918e-01 9.539568424224853516e-01 9.570261240005493164e-01 9.432412981986999512e-01 9.462643265724182129e-01 9.503114819526672363e-01 9.487613439559936523e-01 9.523706436157226562e-01 9.416323304176330566e-01 9.481170177459716797e-01 9.498518109321594238e-01 9.559020996093750000e-01 9.543645381927490234e-01 9.528875946998596191e-01
1.020760655403137207e+00 1.005488157272338867e+00 1.006836652755737305e+00 1.017071127891540527e+00 1.025453805923461914e+00 1.032801985740661621e+00 1.038114786148071289e+00 1.039853453636169434e+00 1.041877269744873047e+00 1.048919677734375000e+00 1.047739624977111816e+00 1.055424690246582031e+00 1.056272149085998535e+00 1.057782411575317383e+00 1.064472556114196777e+00 1.066450715065002441e+00 1.067734479904174805e+00 1.071728467941284180e+00 1.073296546936035156e+00 1.075766205787658691e+00 1.073258876800537109e+00 1.078520655632019043e+00 1.082379460334777832e+00 1.083418607711791992e+00 1.079457283020019531e+00 1.087862491607666016e+00 1.092860579490661621e+00 1.099068880081176758e+00 1.107139945030212402e+00 1.106772661209106445e+00 1.091996550559997559e+00 1.063083052635192871e+00 1.026980996131896973e+00 9.485107064247131348e-01 9.105607271194458008e-01 8.872782588005065918e-01 8.719442486763000488e-01 8.634451031684875488e-01 8.581218719482421875e-01 8.602408170700073242e-01 8.548646569252014160e-01 8.510905504226684570e-01 8.488290905952453613e-01 8.530527949333190918e-01 8.548088669776916504e-01 8.574009537696838379e-01 8.576946258544921875e-01 8.629346489906311035e-01 8.716211915016174316e-01 8.833501338958740234e-01 8.905927538871765137e-01 9.021863937377929688e-01 9.152871370315551758e-01 9.287534952163696289e-01 9.412997364997863770e-01 9.550167918205261230e-01 9.675748944282531738e-01 9.803090095520019531e-01 9.995188713073730469e-01 1.019798159599304199e+00 1.038678407669067383e+00 1.059152722358703613e+00 1.080488562583923340e+00 1.107215285301208496e+00 1.132699251174926758e+00 1.160883188247680664e+00 1.194852352142333984e+00 1.198214173316955566e+00 1.166812181472778320e+00 1.133154273033142090e+00 1.099229931831359863e+00 1.065232634544372559e+00 1.043896913528442383e+00 1.028406023979187012e+00 1.020868062973022461e+00 1.012645483016967773e+00 1.003548264503479004e+00 9.943222999572753906e-01 9.804218411445617676e-01 9.763776659965515137e-01 9.781562089920043945e-01 9.708589315414428711e-01 9.749960303306579590e-01 9.612568020820617676e-01 9.593649506568908691e-01 9.558565616607666016e-01 9.510326385498046875e-01 9.491534233093261719e-01 9.444643259048461914e-01 9.443268775939941406e-01 9.501037001609802246e-01 9.488978981971740723e-01 9.508385658264160156e-01 9.452973008155822754e-01 9.532740712165832520e-01 9.616990089416503906e-01 9.608269333839416504e-01 9.574359059333801270e-01 9.569458365440368652e-01
1.018549561500549316e+00 1.006836652755737305e+00 9.961933493614196777e-01 1.005905151367187500e+00 1.015831351280212402e+00 1.023773789405822754e+00 1.027283668518066406e+00 1.033154964447021484e+00 1.036519646644592285e+00 1.040238976478576660e+00 1.041515707969665527e+00 1.046734094619750977e+00 1.048292636871337891e+00 1.052260994911193848e+00 1.059708118438720703e+00 1.062457799911499023e+00 1.066583871841430664e+00 1.067751169204711914e+00 1.069096326828002930e+00 1.071920990943908691e+00 1.070862054824829102e+00 1.072945952415466309e+00 1.075998067855834961e+00 1.075391054153442383e+00 1.079726815223693848e+00 1.085621476173400879e+00 1.089499235153198242e+00 1.094903230667114258e+00 1.098361492156982422e+00 1.098368883132934570e+00 1.080962181091308594e+00 1.058192729949951172e+00 1.014662265777587891e+00 9.456586241722106934e-01 9.044251441955566406e-01 8.850386142730712891e-01 8.656220436096191406e-01 8.517031073570251465e-01 8.507873415946960449e-01 8.509712219238281250e-01 8.525049686431884766e-01 8.443373441696166992e-01 8.420110344886779785e-01 8.490874767303466797e-01 8.505023717880249023e-01 8.448944687843322754e-01 8.524196743965148926e-01 8.604809045791625977e-01 8.700772523880004883e-01 8.752138018608093262e-01 8.822581768035888672e-01 8.981275558471679688e-01 9.110220074653625488e-01 9.195483922958374023e-01 9.352316260337829590e-01 9.500212669372558594e-01 9.620990157127380371e-01 9.762752056121826172e-01 9.928622245788574219e-01 1.011709451675415039e+00 1.031095862388610840e+00 1.053464531898498535e+00 1.082628965377807617e+00 1.104104042053222656e+00 1.129548072814941406e+00 1.155192852020263672e+00 1.194895029067993164e+00 1.194131016731262207e+00 1.160892128944396973e+00 1.131688475608825684e+00 1.094884634017944336e+00 1.061145186424255371e+00 1.044216036796569824e+00 1.022430539131164551e+00 1.015952348709106445e+00 9.979954957962036133e-01 9.893426299095153809e-01 9.874848723411560059e-01 9.778152108192443848e-01 9.655272364616394043e-01 9.671755433082580566e-01 9.743983149528503418e-01 9.739283919334411621e-01 9.642350077629089355e-01 9.611927866935729980e-01 9.602637887001037598e-01 9.507469534873962402e-01 9.502543210983276367e-01 9.508186578750610352e-01 9.449556469917297363e-01 9.487224817276000977e-01 9.584156870841979980e-01 9.535791873931884766e-01 9.475709795951843262e-01 9.457617402076721191e-01 9.537652730941772461e-01 9.565153121948242188e-01 9.494118690490722656e-01 9.515404701232910156e-01
1.028186678886413574e+00 1.017071127891540527e+00 1.005905151367187500e+00 1.003995299339294434e+00 1.008571147918701172e+00 1.017605423927307129e+00 1.025044202804565430e+00 1.031388521194458008e+00 1.035578489303588867e+00 1.042631149291992188e+00 1.045158863067626953e+00 1.049828648567199707e+00 1.049543857574462891e+00 1.050415992736816406e+00 1.055891275405883789e+00 1.062226414680480957e+00 1.066494703292846680e+00 1.068839430809020996e+00 1.069468021392822266e+00 1.071711659431457520e+00 1.069466710090637207e+00 1.067239165306091309e+00 1.074487805366516113e+00 1.079875111579895020e+00 1.081557035446166992e+00 1.084575176239013672e+00 1.086785435676574707e+00 1.089811921119689941e+00 1.093537330627441406e+00 1.093414425849914551e+00 1.078561902046203613e+00 1.060943007469177246e+00 1.014547586441040039e+00 9.398596286773681641e-01 8.989037871360778809e-01 8.802540898323059082e-01 8.628036975860595703e-01 8.507717251777648926e-01 8.485463857650756836e-01 8.461195826530456543e-01 8.426247239112854004e-01 8.403360247611999512e-01 8.431970477104187012e-01 8.496080040931701660e-01 8.498085141181945801e-01 8.497418165206909180e-01 8.543645739555358887e-01 8.604336977005004883e-01 8.695952296257019043e-01 8.774849176406860352e-01 8.873763680458068848e-01 9.049912095069885254e-01 9.114063382148742676e-01 9.225682616233825684e-01 9.375762343406677246e-01 9.482474923133850098e-01 9.707233905792236328e-01 9.816946983337402344e-01 1.000405192375183105e+00 1.015918970108032227e+00 1.033748030662536621e+00 1.059497237205505371e+00 1.091010808944702148e+00 1.118547916412353516e+00 1.143839240074157715e+00 1.164171338081359863e+00 1.205131411552429199e+00 1.200781941413879395e+00 1.167662501335144043e+00 1.134765625000000000e+00 1.099581480026245117e+00 1.072632670402526855e+00 1.044094681739807129e+00 1.024712204933166504e+00 1.023627281188964844e+00 1.010893344879150391e+00 9.951836466789245605e-01 9.949474334716796875e-01 9.837504029273986816e-01 9.694240689277648926e-01 9.743893742561340332e-01 9.722783565521240234e-01 9.705750346183776855e-01 9.643982648849487305e-01 9.657900929450988770e-01 9.616914987564086914e-01 9.557701945304870605e-01 9.521778821945190430e-01 9.538767337799072266e-01 9.509005546569824219e-01 9.509424567222595215e-01 9.597828388214111328e-01 9.551548957824707031e-01 9.482091665267944336e-01 9.496952891349792480e-01 9.513741135597229004e-01 9.554972648620605469e-01 9.540615081787109375e-01 9.512850046157836914e-01
1.033713340759277344e+00 1.025453805923461914e+00 1.015831351280212402e+00 1.008571147918701172e+00 9.941750764846801758e-01 1.001049399375915527e+00 1.013750195503234863e+00 1.020390629768371582e+00 1.026821732521057129e+00 1.037329673767089844e+00 1.040973901748657227e+00 1.044219732284545898e+00 1.045600533485412598e+00 1.049170494079589844e+00 1.050528049468994141e+00 1.052797198295593262e+00 1.056315183639526367e+00 1.061083793640136719e+00 1.060572385787963867e+00 1.065620183944702148e+00 1.063101649284362793e+00 1.063541650772094727e+00 1.071014642715454102e+00 1.072953701019287109e+00 1.069610476493835449e+00 1.071848154067993164e+00 1.072410941123962402e+00 1.080534219741821289e+00 1.083399295806884766e+00 1.078706979751586914e+00 1.069104790687561035e+00 1.053120255470275879e+00 1.006716251373291016e+00 9.347024559974670410e-01 8.891701102256774902e-01 8.710547685623168945e-01 8.567699193954467773e-01 8.482990860939025879e-01 8.449293971061706543e-01 8.386196494102478027e-01 8.376709818840026855e-01 8.360292911529541016e-01 8.447877764701843262e-01 8.454880714416503906e-01 8.464931249618530273e-01 8.541465401649475098e-01 8.576112389564514160e-01 8.611080050468444824e-01 8.686255216598510742e-01 8.792819976806640625e-01 8.856957554817199707e-01 9.001423716545104980e-01 9.081758260726928711e-01 9.170820713043212891e-01 9.299219250679016113e-01 9.456131458282470703e-01 9.629450440406799316e-01 9.771403074264526367e-01 9.961837530136108398e-01 1.015730261802673340e+00 1.039650321006774902e+00 1.062139511108398438e+00 1.090571880340576172e+00 1.116614103317260742e+00 1.142325162887573242e+00 1.166420221328735352e+00 1.203760743141174316e+00 1.195899844169616699e+00 1.163099527359008789e+00 1.133857965469360352e+00 1.097012281417846680e+00 1.067940473556518555e+00 1.049985527992248535e+00 1.032939672470092773e+00 1.021404385566711426e+00 1.010567545890808105e+00 9.941448569297790527e-01 9.886800050735473633e-01 9.749760031700134277e-01 9.669213891029357910e-01 9.710670113563537598e-01 9.697182774543762207e-01 9.651705026626586914e-01 9.582928419113159180e-01 9.615051746368408203e-01 9.604884386062622070e-01 9.596861600875854492e-01 9.523789882659912109e-01 9.451102614402770996e-01 9.415253996849060059e-01 9.463911056518554688e-01 9.514018297195434570e-01 9.527818560600280762e-01 9.527249932289123535e-01 9.507952928543090820e-01 9.526061415672302246e-01 9.579269886016845703e-01 9.553818702697753906e-01 9.504510760307312012e-01
1.037295579910278320e+00 1.032801985740661621e+00 1.023773789405822754e+00 1.017605423927307129e+00 1.001049399375915527e+00 9.886706471443176270e-01 9.967851042747497559e-01 1.005659699440002441e+00 1.016765713691711426e+00 1.030309200286865234e+00 1.036454796791076660e+00 1.038098096847534180e+00 1.038146853446960449e+00 1.041872620582580566e+00 1.044611811637878418e+00 1.047441720962524414e+00 1.049186825752258301e+00 1.053209304809570312e+00 1.053665280342102051e+00 1.058546662330627441e+00 1.059284329414367676e+00 1.059285998344421387e+00 1.068111300468444824e+00 1.066683411598205566e+00 1.061862230300903320e+00 1.066163659095764160e+00 1.065418720245361328e+00 1.074888586997985840e+00 1.077916026115417480e+00 1.073689818382263184e+00 1.068620800971984863e+00 1.048880577087402344e+00 1.003972649574279785e+00 9.271827340126037598e-01 8.866826891899108887e-01 8.692083954811096191e-01 8.522171378135681152e-01 8.441765308380126953e-01 8.428938984870910645e-01 8.363404870033264160e-01 8.348415493965148926e-01 8.347012400627136230e-01 8.406594395637512207e-01 8.481699228286743164e-01 8.474364280700683594e-01 8.522867560386657715e-01 8.565396666526794434e-01 8.642678856849670410e-01 8.650255203247070312e-01 8.711445927619934082e-01 8.822767138481140137e-01 8.954691886901855469e-01 9.046527147293090820e-01 9.124044775962829590e-01 9.276488423347473145e-01 9.462528228759765625e-01 9.603085517883300781e-01 9.744926095008850098e-01 9.944465756416320801e-01 1.014370560646057129e+00 1.041864275932312012e+00 1.064313650131225586e+00 1.086219429969787598e+00 1.111157417297363281e+00 1.138888955116271973e+00 1.164737582206726074e+00 1.200417637825012207e+00 1.187584042549133301e+00 1.154814362525939941e+00 1.130118727684020996e+00 1.096492528915405273e+00 1.059600353240966797e+00 1.047638893127441406e+00 1.034396290779113770e+00 1.018534660339355469e+00 1.005253911018371582e+00 9.910213947296142578e-01 9.839392900466918945e-01 9.713888764381408691e-01 9.625998139381408691e-01 9.667527675628662109e-01 9.650602936744689941e-01 9.637877941131591797e-01 9.575875401496887207e-01 9.600422978401184082e-01 9.600473642349243164e-01 9.580168724060058594e-01 9.499400854110717773e-01 9.422888755798339844e-01 9.383794069290161133e-01 9.426994919776916504e-01 9.481212496757507324e-01 9.481185674667358398e-01 9.515098333358764648e-01 9.459558725357055664e-01 9.480512738227844238e-01 9.598723649978637695e-01 9.572808742523193359e-01 9.515254497528076172e-01
1.041468501091003418e+00 1.038114786148071289e+00 1.027283668518066406e+00 1.025044202804565430e+00 1.013750195503234863e+00 9.967851042747497559e-01 9.895416498184204102e-01 9.909641742706298828e-01 1.005547404289245605e+00 1.022596240043640137e+00 1.031749486923217773e+00 1.034514784812927246e+00 1.037234663963317871e+00 1.043598890304565430e+00 1.044793367385864258e+00 1.044930338859558105e+00 1.044705748558044434e+00 1.049748063087463379e+00 1.054723739624023438e+00 1.059191942214965820e+00 1.053779721260070801e+00 1.056624174118041992e+00 1.063287854194641113e+00 1.064671397209167480e+00 1.061711668968200684e+00 1.065606832504272461e+00 1.067362070083618164e+00 1.072331428527832031e+00 1.075512766838073730e+00 1.073222875595092773e+00 1.063268899917602539e+00 1.047345757484436035e+00 1.000485062599182129e+00 9.289115071296691895e-01 8.846797943115234375e-01 8.667030930519104004e-01 8.504162430763244629e-01 8.439988493919372559e-01 8.412362933158874512e-01 8.339874744415283203e-01 8.361846208572387695e-01 8.312477469444274902e-01 8.368666768074035645e-01 8.456702828407287598e-01 8.430694341659545898e-01 8.495435118675231934e-01 8.575389385223388672e-01 8.632115721702575684e-01 8.634284138679504395e-01 8.692851066589355469e-01 8.816125988960266113e-01 8.909369707107543945e-01 9.002009034156799316e-01 9.157087206840515137e-01 9.299048781394958496e-01 9.494870305061340332e-01 9.635197520256042480e-01 9.801744222640991211e-01 9.986212253570556641e-01 1.013799071311950684e+00 1.033758759498596191e+00 1.064094066619873047e+00 1.084357738494873047e+00 1.113494992256164551e+00 1.141697287559509277e+00 1.161592483520507812e+00 1.199044942855834961e+00 1.192598223686218262e+00 1.149166703224182129e+00 1.123170971870422363e+00 1.095164537429809570e+00 1.066752195358276367e+00 1.049953818321228027e+00 1.029945135116577148e+00 1.023333907127380371e+00 1.010289549827575684e+00 9.957056641578674316e-01 9.846887588500976562e-01 9.713548421859741211e-01 9.648282527923583984e-01 9.655694365501403809e-01 9.607629179954528809e-01 9.619189500808715820e-01 9.598523974418640137e-01 9.605331420898437500e-01 9.518175721168518066e-01 9.465100169181823730e-01 9.440402388572692871e-01 9.441699981689453125e-01 9.369373917579650879e-01 9.481445550918579102e-01 9.513032436370849609e-01 9.500043392181396484e-01 9.425823688507080078e-01 9.469762444496154785e-01 9.426838755607604980e-01 9.537362456321716309e-01 9.559572339057922363e-01 9.506743550300598145e-01
1.040532112121582031e+00 1.039853453636169434e+00 1.033154964447021484e+00 1.031388521194458008e+00 1.020390629768371582e+00 1.005659699440002441e+00 9.909641742706298828e-01 9.874798059463500977e-01 9.946711063385009766e-01 1.005161046981811523e+00 1.016543745994567871e+00 1.025489211082458496e+00 1.033473730087280273e+00 1.040979385375976562e+00 1.039789199829101562e+00 1.040392518043518066e+00 1.041157960891723633e+00 1.046430706977844238e+00 1.048930525779724121e+00 1.054496765136718750e+00 1.051628112792968750e+00 1.053204774856567383e+00 1.061368227005004883e+00 1.061969280242919922e+00 1.059253096580505371e+00 1.064611673355102539e+00 1.063258290290832520e+00 1.068461060523986816e+00 1.072447180747985840e+00 1.070196986198425293e+00 1.057841658592224121e+00 1.039967536926269531e+00 9.929450750350952148e-01 9.252354502677917480e-01 8.815180063247680664e-01 8.670291304588317871e-01 8.505432009696960449e-01 8.370059728622436523e-01 8.345612287521362305e-01 8.303850889205932617e-01 8.290421366691589355e-01 8.280247449874877930e-01 8.322200179100036621e-01 8.361895680427551270e-01 8.377677202224731445e-01 8.452811241149902344e-01 8.553457260131835938e-01 8.568549156188964844e-01 8.602654933929443359e-01 8.668367862701416016e-01 8.803051114082336426e-01 8.922325372695922852e-01 9.035854935646057129e-01 9.157202839851379395e-01 9.303212165832519531e-01 9.473777413368225098e-01 9.604358077049255371e-01 9.741373658180236816e-01 9.917267560958862305e-01 1.011556863784790039e+00 1.034173488616943359e+00 1.058284163475036621e+00 1.085912704467773438e+00 1.115675568580627441e+00 1.134409189224243164e+00 1.153173565864562988e+00 1.192880034446716309e+00 1.188098311424255371e+00 1.149753212928771973e+00 1.117651104927062988e+00 1.094896197319030762e+00 1.068305373191833496e+00 1.049897074699401855e+00 1.029414653778076172e+00 1.025826692581176758e+00 1.011601805686950684e+00 9.943042397499084473e-01 9.818261265754699707e-01 9.695301055908203125e-01 9.607978463172912598e-01 9.674285054206848145e-01 9.657711386680603027e-01 9.633298516273498535e-01 9.565661549568176270e-01 9.613819122314453125e-01 9.485219717025756836e-01 9.463177919387817383e-01 9.449142217636108398e-01 9.360256195068359375e-01 9.378569722175598145e-01 9.518563747406005859e-01 9.506820440292358398e-01 9.498201012611389160e-01 9.441114664077758789e-01 9.479131102561950684e-01 9.451575875282287598e-01 9.495442509651184082e-01 9.482126235961914062e-01 9.462891221046447754e-01
1.043969154357910156e+00 1.041877269744873047e+00 1.036519646644592285e+00 1.035578489303588867e+00 1.026821732521057129e+00 1.016765713691711426e+00 1.005547404289245605e+00 9.946711063385009766e-01 9.798236489295959473e-01 9.863153100013732910e-01 1.003214001655578613e+00 1.014360904693603516e+00 1.028853654861450195e+00 1.036184072494506836e+00 1.035341978073120117e+00 1.035535812377929688e+00 1.038559198379516602e+00 1.044550776481628418e+00 1.044885873794555664e+00 1.052140235900878906e+00 1.050124883651733398e+00 1.049792528152465820e+00 1.054410815238952637e+00 1.055693626403808594e+00 1.049449920654296875e+00 1.054655194282531738e+00 1.054898500442504883e+00 1.066677451133728027e+00 1.073378324508666992e+00 1.072994947433471680e+00 1.056753158569335938e+00 1.034317255020141602e+00 9.909175634384155273e-01 9.226597547531127930e-01 8.824246525764465332e-01 8.647724986076354980e-01 8.447480797767639160e-01 8.324736356735229492e-01 8.268021345138549805e-01 8.275396227836608887e-01 8.265831470489501953e-01 8.266164660453796387e-01 8.287606239318847656e-01 8.297158479690551758e-01 8.359635472297668457e-01 8.437502384185791016e-01 8.515645861625671387e-01 8.529059290885925293e-01 8.575111031532287598e-01 8.694010376930236816e-01 8.762876391410827637e-01 8.901683688163757324e-01 9.043477773666381836e-01 9.156228303909301758e-01 9.288403987884521484e-01 9.512197971343994141e-01 9.600467681884765625e-01 9.744560718536376953e-01 9.950452446937561035e-01 1.016595959663391113e+00 1.037551045417785645e+00 1.058570861816406250e+00 1.083778500556945801e+00 1.112776279449462891e+00 1.139749407768249512e+00 1.163261771202087402e+00 1.195049524307250977e+00 1.194021463394165039e+00 1.158687114715576172e+00 1.130556941032409668e+00 1.098990559577941895e+00 1.071793794631958008e+00 1.049932956695556641e+00 1.028116822242736816e+00 1.016875624656677246e+00 1.002871751785278320e+00 9.864048957824707031e-01 9.798983335494995117e-01 9.740296006202697754e-01 9.677945971488952637e-01 9.659047126770019531e-01 9.675650000572204590e-01 9.651170372962951660e-01 9.559713006019592285e-01 9.639427065849304199e-01 9.533696770668029785e-01 9.490843415260314941e-01 9.482859969139099121e-01 9.398757219314575195e-01 9.365143775939941406e-01 9.587749838829040527e-01 9.550257921218872070e-01 9.495980143547058105e-01 9.423485398292541504e-01 9.454382658004760742e-01 9.455859661102294922e-01 9.464077949523925781e-01 9.547128081321716309e-01 9.573822021484375000e-01
1.050054669380187988e+00 1.048919677734375000e+00 1.040238976478576660e+00 1.042631149291992188e+00 1.037329673767089844e+00 1.030309200286865234e+00 1.022596240043640137e+00 1.005161046981811523e+00 9.863153100013732910e-01 9.945309758186340332e-01 9.963505864143371582e-01 1.002579450607299805e+00 1.020245194435119629e+00 1.028814435005187988e+00 1.030194163322448730e+00 1.032698631286621094e+00 1.036420941352844238e+00 1.044386267662048340e+00 1.043968319892883301e+00 1.048818707466125488e+00 1.047792673110961914e+00 1.045793414115905762e+00 1.051360607147216797e+00 1.052796840667724609e+00 1.051312208175659180e+00 1.054068207740783691e+00 1.056581735610961914e+00 1.064922094345092773e+00 1.074526548385620117e+00 1.075740814208984375e+00 1.060540199279785156e+00 1.039985656738281250e+00 9.961985945701599121e-01 9.224164485931396484e-01 8.841342329978942871e-01 8.638753294944763184e-01 8.427572250366210938e-01 8.324807286262512207e-01 8.302918672561645508e-01 8.276164531707763672e-01 8.297576308250427246e-01 8.263770937919616699e-01 8.272087574005126953e-01 8.305611610412597656e-01 8.346914052963256836e-01 8.431861400604248047e-01 8.527117371559143066e-01 8.571777939796447754e-01 8.632658720016479492e-01 8.737052083015441895e-01 8.820997476577758789e-01 8.946515321731567383e-01 9.073484539985656738e-01 9.163134694099426270e-01 9.300749897956848145e-01 9.536979198455810547e-01 9.698884487152099609e-01 9.825739264488220215e-01 1.004831910133361816e+00 1.023779511451721191e+00 1.043542981147766113e+00 1.064989089965820312e+00 1.087315440177917480e+00 1.111639618873596191e+00 1.146331787109375000e+00 1.173976302146911621e+00 1.209757447242736816e+00 1.202877402305603027e+00 1.165739774703979492e+00 1.133216142654418945e+00 1.107547998428344727e+00 1.083593249320983887e+00 1.058513283729553223e+00 1.029529094696044922e+00 1.017573952674865723e+00 1.003697276115417480e+00 9.936891198158264160e-01 9.918622374534606934e-01 9.791455864906311035e-01 9.772269725799560547e-01 9.703508615493774414e-01 9.628319144248962402e-01 9.664312005043029785e-01 9.614141583442687988e-01 9.648168087005615234e-01 9.566939473152160645e-01 9.523203969001770020e-01 9.523159861564636230e-01 9.431770443916320801e-01 9.428423047065734863e-01 9.588438272476196289e-01 9.592642784118652344e-01 9.515190720558166504e-01 9.423554539680480957e-01 9.382089376449584961e-01 9.383398890495300293e-01 9.563699364662170410e-01 9.572039246559143066e-01 9.560294747352600098e-01
1.051881790161132812e+00 1.047739624977111816e+00 1.041515707969665527e+00 1.045158863067626953e+00 1.040973901748657227e+00 1.036454796791076660e+00 1.031749486923217773e+00 1.016543745994567871e+00 1.003214001655578613e+00 9.963505864143371582e-01 9.856966137886047363e-01 9.855113625526428223e-01 1.005898833274841309e+00 1.016789793968200684e+00 1.022597193717956543e+00 1.025594234466552734e+00 1.032531380653381348e+00 1.039372205734252930e+00 1.040473818778991699e+00 1.043891549110412598e+00 1.042256355285644531e+00 1.042833805084228516e+00 1.049411654472351074e+00 1.049023747444152832e+00 1.049109101295471191e+00 1.055416464805603027e+00 1.059189558029174805e+00 1.068443655967712402e+00 1.078554272651672363e+00 1.080043673515319824e+00 1.065725088119506836e+00 1.044485330581665039e+00 9.973381161689758301e-01 9.213482737541198730e-01 8.804983496665954590e-01 8.585004806518554688e-01 8.421252965927124023e-01 8.321037292480468750e-01 8.299747109413146973e-01 8.256619572639465332e-01 8.253818154335021973e-01 8.227090239524841309e-01 8.283840417861938477e-01 8.282435536384582520e-01 8.310786485671997070e-01 8.358937501907348633e-01 8.489823937416076660e-01 8.585776090621948242e-01 8.632341027259826660e-01 8.710711002349853516e-01 8.778123259544372559e-01 8.929481506347656250e-01 9.035244584083557129e-01 9.161232113838195801e-01 9.315820336341857910e-01 9.575037360191345215e-01 9.684938788414001465e-01 9.836295247077941895e-01 1.008711695671081543e+00 1.031388759613037109e+00 1.044308423995971680e+00 1.066210746765136719e+00 1.093777656555175781e+00 1.116885423660278320e+00 1.147504806518554688e+00 1.176729202270507812e+00 1.219421982765197754e+00 1.206703186035156250e+00 1.171289563179016113e+00 1.138475775718688965e+00 1.105876803398132324e+00 1.079350709915161133e+00 1.056127071380615234e+00 1.032737493515014648e+00 1.019823193550109863e+00 1.006659746170043945e+00 1.000440597534179688e+00 9.933085441589355469e-01 9.831190705299377441e-01 9.784830212593078613e-01 9.700475335121154785e-01 9.661945104598999023e-01 9.679106473922729492e-01 9.582232832908630371e-01 9.616466164588928223e-01 9.583296775817871094e-01 9.543440937995910645e-01 9.490216970443725586e-01 9.445464015007019043e-01 9.484811425209045410e-01 9.578935503959655762e-01 9.579982161521911621e-01 9.497363567352294922e-01 9.365459084510803223e-01 9.379371404647827148e-01 9.408935904502868652e-01 9.504092335700988770e-01 9.572417140007019043e-01 9.553222060203552246e-01
1.058525562286376953e+00 1.055424690246582031e+00 1.046734094619750977e+00 1.049828648567199707e+00 1.044219732284545898e+00 1.038098096847534180e+00 1.034514784812927246e+00 1.025489211082458496e+00 1.014360904693603516e+00 1.002579450607299805e+00 9.855113625526428223e-01 9.874640703201293945e-01 9.957416653633117676e-01 1.007830858230590820e+00 1.020271062850952148e+00 1.023427367210388184e+00 1.029157757759094238e+00 1.034646868705749512e+00 1.038182377815246582e+00 1.042307496070861816e+00 1.040736675262451172e+00 1.043370008468627930e+00 1.050966739654541016e+00 1.053550601005554199e+00 1.055753827095031738e+00 1.059914112091064453e+00 1.060829639434814453e+00 1.071302771568298340e+00 1.079516172409057617e+00 1.081630706787109375e+00 1.071395754814147949e+00 1.048356175422668457e+00 9.978531599044799805e-01 9.178490638732910156e-01 8.768265247344970703e-01 8.560534715652465820e-01 8.390428423881530762e-01 8.331013321876525879e-01 8.280908465385437012e-01 8.276582956314086914e-01 8.268519043922424316e-01 8.262317180633544922e-01 8.267832994461059570e-01 8.277202844619750977e-01 8.339101076126098633e-01 8.386107683181762695e-01 8.499296307563781738e-01 8.604786992073059082e-01 8.634815812110900879e-01 8.711369633674621582e-01 8.824059367179870605e-01 8.974967002868652344e-01 9.074479937553405762e-01 9.209799766540527344e-01 9.340213537216186523e-01 9.553341865539550781e-01 9.690074920654296875e-01 9.870394468307495117e-01 1.011394381523132324e+00 1.035937547683715820e+00 1.051145792007446289e+00 1.080322623252868652e+00 1.105491995811462402e+00 1.132063865661621094e+00 1.160790205001831055e+00 1.186564445495605469e+00 1.220732808113098145e+00 1.210086107254028320e+00 1.171480655670166016e+00 1.145826578140258789e+00 1.113512516021728516e+00 1.088179707527160645e+00 1.066266417503356934e+00 1.050191164016723633e+00 1.033622264862060547e+00 1.021558523178100586e+00 1.008002877235412598e+00 9.966087937355041504e-01 9.921065568923950195e-01 9.845589995384216309e-01 9.797789454460144043e-01 9.742099642753601074e-01 9.705166220664978027e-01 9.712144136428833008e-01 9.773085713386535645e-01 9.706106185913085938e-01 9.625000953674316406e-01 9.477525949478149414e-01 9.496343135833740234e-01 9.571864604949951172e-01 9.646470546722412109e-01 9.577958583831787109e-01 9.546947479248046875e-01 9.481148123741149902e-01 9.449854493141174316e-01 9.486458897590637207e-01 9.607431292533874512e-01 9.601770043373107910e-01 9.595902562141418457e-01
1.060056209564208984e+00 1.056272149085998535e+00 1.048292636871337891e+00 1.049543857574462891e+00 1.045600533485412598e+00 1.038146853446960449e+00 1.037234663963317871e+00 1.033473730087280273e+00 1.028853654861450195e+00 1.020245194435119629e+00 1.005898833274841309e+00 9.957416653633117676e-01 9.879822134971618652e-01 9.973627924919128418e-01 1.015995860099792480e+00 1.022510290145874023e+00 1.027196764945983887e+00 1.033730149269104004e+00 1.035148024559020996e+00 1.042370557785034180e+00 1.040017724037170410e+00 1.041715502738952637e+00 1.051473259925842285e+00 1.056202411651611328e+00 1.054298758506774902e+00 1.059544444084167480e+00 1.060546875000000000e+00 1.068887472152709961e+00 1.080132961273193359e+00 1.081187963485717773e+00 1.070070505142211914e+00 1.048847198486328125e+00 9.942727684974670410e-01 9.130544662475585938e-01 8.739280104637145996e-01 8.530315756797790527e-01 8.376080393791198730e-01 8.314043283462524414e-01 8.296712040901184082e-01 8.241389393806457520e-01 8.271620273590087891e-01 8.270627260208129883e-01 8.301308155059814453e-01 8.303131461143493652e-01 8.313031196594238281e-01 8.413388729095458984e-01 8.498595952987670898e-01 8.598515987396240234e-01 8.661087155342102051e-01 8.724510073661804199e-01 8.851226568222045898e-01 9.012842774391174316e-01 9.112643599510192871e-01 9.211974740028381348e-01 9.355796575546264648e-01 9.559966325759887695e-01 9.744153022766113281e-01 9.948293566703796387e-01 1.015013456344604492e+00 1.032612800598144531e+00 1.054900407791137695e+00 1.085630536079406738e+00 1.112618923187255859e+00 1.144280195236206055e+00 1.166754961013793945e+00 1.189951181411743164e+00 1.217596888542175293e+00 1.208758234977722168e+00 1.174998402595520020e+00 1.141483068466186523e+00 1.110291481018066406e+00 1.084545373916625977e+00 1.065047740936279297e+00 1.052635192871093750e+00 1.041635155677795410e+00 1.022642135620117188e+00 1.013480305671691895e+00 1.004084706306457520e+00 9.939143061637878418e-01 9.857460856437683105e-01 9.804409146308898926e-01 9.709967970848083496e-01 9.748035669326782227e-01 9.765785932540893555e-01 9.797725081443786621e-01 9.713609218597412109e-01 9.646573066711425781e-01 9.563521742820739746e-01 9.545524716377258301e-01 9.596856832504272461e-01 9.709875583648681641e-01 9.650468230247497559e-01 9.624106884002685547e-01 9.573716521263122559e-01 9.526183009147644043e-01 9.617614746093750000e-01 9.580873847007751465e-01 9.616531133651733398e-01 9.608171582221984863e-01
1.060654759407043457e+00 1.057782411575317383e+00 1.052260994911193848e+00 1.050415992736816406e+00 1.049170494079589844e+00 1.041872620582580566e+00 1.043598890304565430e+00 1.040979385375976562e+00 1.036184072494506836e+00 1.028814435005187988e+00 1.016789793968200684e+00 1.007830858230590820e+00 9.973627924919128418e-01 9.978649020195007324e-01 1.015634179115295410e+00 1.025430917739868164e+00 1.031142830848693848e+00 1.033319950103759766e+00 1.033292174339294434e+00 1.040575861930847168e+00 1.042392730712890625e+00 1.044447779655456543e+00 1.052473902702331543e+00 1.052599072456359863e+00 1.052135109901428223e+00 1.061204552650451660e+00 1.062727451324462891e+00 1.067499160766601562e+00 1.076876640319824219e+00 1.076277613639831543e+00 1.066867828369140625e+00 1.046818614006042480e+00 9.932001233100891113e-01 9.115248918533325195e-01 8.669460415840148926e-01 8.500289320945739746e-01 8.375523686408996582e-01 8.306096196174621582e-01 8.277947902679443359e-01 8.249316811561584473e-01 8.233342170715332031e-01 8.283554315567016602e-01 8.300554752349853516e-01 8.310765027999877930e-01 8.339877128601074219e-01 8.411283493041992188e-01 8.480738401412963867e-01 8.577188253402709961e-01 8.667681813240051270e-01 8.725459575653076172e-01 8.821164369583129883e-01 8.961578607559204102e-01 9.091815352439880371e-01 9.241302013397216797e-01 9.379625916481018066e-01 9.595166444778442383e-01 9.765957593917846680e-01 9.933346509933471680e-01 1.017864823341369629e+00 1.032648921012878418e+00 1.056406497955322266e+00 1.085990667343139648e+00 1.113430500030517578e+00 1.142243742942810059e+00 1.169489145278930664e+00 1.189665198326110840e+00 1.222513675689697266e+00 1.215902090072631836e+00 1.184441804885864258e+00 1.145410537719726562e+00 1.112363934516906738e+00 1.078652977943420410e+00 1.060723781585693359e+00 1.046480417251586914e+00 1.040373921394348145e+00 1.028813600540161133e+00 1.014106631278991699e+00 1.005788564682006836e+00 9.938512444496154785e-01 9.880356192588806152e-01 9.851290583610534668e-01 9.774762392044067383e-01 9.726830124855041504e-01 9.715783596038818359e-01 9.772493243217468262e-01 9.697872996330261230e-01 9.652854800224304199e-01 9.562598466873168945e-01 9.557688832283020020e-01 9.619034528732299805e-01 9.661394953727722168e-01 9.626814126968383789e-01 9.662030339241027832e-01 9.591658115386962891e-01 9.580368995666503906e-01 9.593935012817382812e-01 9.530739188194274902e-01 9.575874805450439453e-01 9.625626802444458008e-01
1.066046476364135742e+00 1.064472556114196777e+00 1.059708118438720703e+00 1.055891275405883789e+00 1.050528049468994141e+00 1.044611811637878418e+00 1.044793367385864258e+00 1.039789199829101562e+00 1.035341978073120117e+00 1.030194163322448730e+00 1.022597193717956543e+00 1.020271062850952148e+00 1.015995860099792480e+00 1.015634179115295410e+00 1.016371369361877441e+00 1.017419457435607910e+00 1.031047224998474121e+00 1.035115122795104980e+00 1.035717010498046875e+00 1.042829513549804688e+00 1.040951609611511230e+00 1.044092178344726562e+00 1.050788760185241699e+00 1.055513024330139160e+00 1.054671168327331543e+00 1.061237692832946777e+00 1.063890814781188965e+00 1.069336414337158203e+00 1.078714013099670410e+00 1.077313065528869629e+00 1.063647985458374023e+00 1.042847752571105957e+00 9.900289177894592285e-01 9.123584032058715820e-01 8.668887615203857422e-01 8.469247817993164062e-01 8.316469192504882812e-01 8.265464901924133301e-01 8.253896236419677734e-01 8.253816366195678711e-01 8.236474990844726562e-01 8.263365030288696289e-01 8.297467231750488281e-01 8.317164778709411621e-01 8.372111320495605469e-01 8.405556082725524902e-01 8.453225493431091309e-01 8.583683371543884277e-01 8.685453534126281738e-01 8.787244558334350586e-01 8.851713538169860840e-01 8.978257775306701660e-01 9.137136340141296387e-01 9.256830215454101562e-01 9.427593946456909180e-01 9.632819890975952148e-01 9.788023233413696289e-01 9.932285547256469727e-01 1.014695048332214355e+00 1.036103010177612305e+00 1.060837030410766602e+00 1.087340474128723145e+00 1.115019440650939941e+00 1.146138668060302734e+00 1.171112775802612305e+00 1.198388457298278809e+00 1.232041835784912109e+00 1.221192002296447754e+00 1.184150457382202148e+00 1.151916861534118652e+00 1.118485212326049805e+00 1.093914389610290527e+00 1.068043470382690430e+00 1.045277953147888184e+00 1.035400986671447754e+00 1.024851202964782715e+00 1.015684247016906738e+00 1.012127161026000977e+00 1.004912614822387695e+00 9.996302723884582520e-01 9.857240915298461914e-01 9.834548234939575195e-01 9.778203368186950684e-01 9.793717861175537109e-01 9.870145320892333984e-01 9.742128849029541016e-01 9.636197686195373535e-01 9.589182138442993164e-01 9.649793505668640137e-01 9.602841138839721680e-01 9.662938117980957031e-01 9.657610654830932617e-01 9.654920101165771484e-01 9.589970707893371582e-01 9.577986598014831543e-01 9.584258794784545898e-01 9.544005990028381348e-01 9.563958644866943359e-01 9.634642601013183594e-01
1.064897179603576660e+00 1.066450715065002441e+00 1.062457799911499023e+00 1.062226414680480957e+00 1.052797198295593262e+00 1.047441720962524414e+00 1.044930338859558105e+00 1.040392518043518066e+00 1.035535812377929688e+00 1.032698631286621094e+00 1.025594234466552734e+00 1.023427367210388184e+00 1.022510290145874023e+00 1.025430917739868164e+00 1.017419457435607910e+00 1.000758767127990723e+00 1.008459806442260742e+00 1.023300290107727051e+00 1.029618620872497559e+00 1.038514018058776855e+00 1.039711475372314453e+00 1.043778777122497559e+00 1.052354693412780762e+00 1.053347706794738770e+00 1.053071379661560059e+00 1.060135841369628906e+00 1.058493256568908691e+00 1.068097949028015137e+00 1.078879117965698242e+00 1.074224472045898438e+00 1.063933849334716797e+00 1.040698289871215820e+00 9.876703023910522461e-01 9.069133400917053223e-01 8.646761775016784668e-01 8.426429629325866699e-01 8.261811137199401855e-01 8.222417235374450684e-01 8.241272568702697754e-01 8.243635296821594238e-01 8.218011260032653809e-01 8.268581628799438477e-01 8.332489132881164551e-01 8.348904252052307129e-01 8.406928777694702148e-01 8.456012606620788574e-01 8.515853881835937500e-01 8.582093715667724609e-01 8.677531480789184570e-01 8.834574818611145020e-01 8.904421925544738770e-01 9.015062451362609863e-01 9.164264202117919922e-01 9.263623356819152832e-01 9.444396495819091797e-01 9.662486910820007324e-01 9.796298146247863770e-01 9.956463575363159180e-01 1.018003344535827637e+00 1.037231922149658203e+00 1.063871383666992188e+00 1.093929886817932129e+00 1.117696046829223633e+00 1.148419737815856934e+00 1.170085191726684570e+00 1.208581566810607910e+00 1.241371154785156250e+00 1.228843927383422852e+00 1.185999989509582520e+00 1.149805307388305664e+00 1.122337818145751953e+00 1.091042280197143555e+00 1.071180224418640137e+00 1.051915287971496582e+00 1.039114117622375488e+00 1.025419592857360840e+00 1.020009636878967285e+00 1.016755223274230957e+00 1.009107470512390137e+00 9.974612593650817871e-01 9.858207106590270996e-01 9.874233007431030273e-01 9.888832569122314453e-01 9.860740900039672852e-01 9.897511005401611328e-01 9.793689846992492676e-01 9.688366055488586426e-01 9.694733023643493652e-01 9.722954034805297852e-01 9.713858366012573242e-01 9.763667583465576172e-01 9.761019349098205566e-01 9.692208170890808105e-01 9.678711891174316406e-01 9.681193828582763672e-01 9.644821286201477051e-01 9.587031602859497070e-01 9.575971961021423340e-01 9.643036723136901855e-01
