9.995848536491394043e-01 1.014861583709716797e+00 1.011724233627319336e+00 1.016149282455444336e+00 1.019625782966613770e+00 1.026963472366333008e+00 1.035662770271301270e+00 1.046266436576843262e+00 1.056339621543884277e+00 1.061982750892639160e+00 1.066405773162841797e+00 1.080721735954284668e+00 1.084921956062316895e+00 1.093573451042175293e+00 1.102614521980285645e+00 1.113649725914001465e+00 1.121193647384643555e+00 1.131761789321899414e+00 1.131783246994018555e+00 1.129601001739501953e+00 1.139757156372070312e+00 1.143213272094726562e+00 1.151461005210876465e+00 1.151878952980041504e+00 1.162976741790771484e+00 1.172363996505737305e+00 1.175412893295288086e+00 1.174025654792785645e+00 1.169649839401245117e+00 1.159916996955871582e+00 1.133341431617736816e+00 1.093786478042602539e+00 1.034322619438171387e+00 9.860828518867492676e-01 9.590947031974792480e-01 9.424628019332885742e-01 9.237082004547119141e-01 9.083068370819091797e-01 8.992822766304016113e-01 8.905817866325378418e-01 8.854811787605285645e-01 8.826943635940551758e-01 8.874831795692443848e-01 8.868628144264221191e-01 8.901745080947875977e-01 8.928387761116027832e-01 8.942634463310241699e-01 9.027662277221679688e-01 9.149959087371826172e-01 9.053850769996643066e-01 9.068428277969360352e-01 9.205476045608520508e-01 9.320042133331298828e-01 9.375287294387817383e-01 9.502202868461608887e-01 9.618412852287292480e-01 9.717786312103271484e-01 9.857787489891052246e-01 1.000431656837463379e+00 1.018000960350036621e+00 1.032395482063293457e+00 1.053726077079772949e+00 1.073268175125122070e+00 1.086682319641113281e+00 1.088687300682067871e+00 1.083116650581359863e+00 1.053402185440063477e+00 1.029443979263305664e+00 1.002702951431274414e+00 9.674814343452453613e-01 9.489751458168029785e-01 9.293449521064758301e-01 9.177801609039306641e-01 9.078838825225830078e-01 8.927403688430786133e-01 8.913488984107971191e-01 8.809484839439392090e-01 8.659439086914062500e-01 8.681325316429138184e-01 8.721973896026611328e-01 8.701789975166320801e-01 8.659126162528991699e-01 8.665625452995300293e-01 8.748573660850524902e-01 8.675659298896789551e-01 8.657771348953247070e-01 8.704041242599487305e-01 8.677464723587036133e-01 8.665975332260131836e-01 8.626841306686401367e-01 8.626157641410827637e-01 8.671658635139465332e-01 8.716132640838623047e-01 8.745365738868713379e-01 8.705583214759826660e-01 8.738865852355957031e-01 8.914995789527893066e-01 9.019377231597900391e-01 8.847678899765014648e-01
1.014861583709716797e+00 1.021297812461853027e+00 1.027165412902832031e+00 1.020241737365722656e+00 1.024553179740905762e+00 1.032062530517578125e+00 1.039885282516479492e+00 1.045921206474304199e+00 1.055587053298950195e+00 1.057919144630432129e+00 1.063629746437072754e+00 1.077781796455383301e+00 1.085518956184387207e+00 1.091903567314147949e+00 1.104444742202758789e+00 1.114995479583740234e+00 1.121700525283813477e+00 1.132148265838623047e+00 1.132386565208435059e+00 1.131461739540100098e+00 1.142679810523986816e+00 1.145894289016723633e+00 1.155806064605712891e+00 1.163161516189575195e+00 1.169226646423339844e+00 1.176010847091674805e+00 1.182976841926574707e+00 1.179541349411010742e+00 1.175393939018249512e+00 1.166328430175781250e+00 1.139460086822509766e+00 1.102291345596313477e+00 1.040721893310546875e+00 9.878491759300231934e-01 9.592320322990417480e-01 9.415174722671508789e-01 9.244121313095092773e-01 9.120838046073913574e-01 8.999454975128173828e-01 8.911861181259155273e-01 8.819054961204528809e-01 8.778764605522155762e-01 8.851292729377746582e-01 8.801594376564025879e-01 8.901993036270141602e-01 8.923920989036560059e-01 8.876778483390808105e-01 8.953241705894470215e-01 9.097967743873596191e-01 9.101172089576721191e-01 9.169118404388427734e-01 9.274033308029174805e-01 9.371419548988342285e-01 9.404374361038208008e-01 9.580654501914978027e-01 9.648817181587219238e-01 9.703445434570312500e-01 9.924765825271606445e-01 1.000608444213867188e+00 1.016329169273376465e+00 1.032063484191894531e+00 1.050609588623046875e+00 1.073714733123779297e+00 1.081619501113891602e+00 1.095444917678833008e+00 1.086286425590515137e+00 1.072843313217163086e+00 1.038967967033386230e+00 1.006541848182678223e+00 9.630384445190429688e-01 9.437294006347656250e-01 9.275884628295898438e-01 9.113043546676635742e-01 9.040147066116333008e-01 9.004306793212890625e-01 8.877272009849548340e-01 8.872191905975341797e-01 8.678470253944396973e-01 8.667865395545959473e-01 8.722091317176818848e-01 8.707750439643859863e-01 8.709048032760620117e-01 8.710336685180664062e-01 8.720830678939819336e-01 8.703550100326538086e-01 8.632414340972900391e-01 8.682629466056823730e-01 8.737242817878723145e-01 8.756628036499023438e-01 8.686615824699401855e-01 8.845226764678955078e-01 8.871660828590393066e-01 8.769096732139587402e-01 8.780749440193176270e-01 8.814826011657714844e-01 8.865827322006225586e-01 8.815034627914428711e-01 8.876602053642272949e-01 8.871711492538452148e-01
1.011724233627319336e+00 1.027165412902832031e+00 1.014258861541748047e+00 1.018217682838439941e+00 1.024351358413696289e+00 1.029774308204650879e+00 1.038917303085327148e+00 1.046628236770629883e+00 1.051211595535278320e+00 1.051693916320800781e+00 1.059889912605285645e+00 1.074711918830871582e+00 1.082075476646423340e+00 1.086008071899414062e+00 1.095120787620544434e+00 1.111181378364562988e+00 1.116755843162536621e+00 1.126783132553100586e+00 1.128021240234375000e+00 1.128377556800842285e+00 1.140676498413085938e+00 1.144633412361145020e+00 1.154038429260253906e+00 1.164025545120239258e+00 1.168458580970764160e+00 1.173205375671386719e+00 1.178004860877990723e+00 1.174174308776855469e+00 1.177002549171447754e+00 1.160589098930358887e+00 1.134785890579223633e+00 1.091618776321411133e+00 1.033718228340148926e+00 9.846180677413940430e-01 9.584495425224304199e-01 9.321392178535461426e-01 9.178718924522399902e-01 9.082944393157958984e-01 8.903284668922424316e-01 8.801055550575256348e-01 8.752830624580383301e-01 8.752458095550537109e-01 8.789160251617431641e-01 8.765436410903930664e-01 8.849534392356872559e-01 8.887342810630798340e-01 8.796656131744384766e-01 8.853256702423095703e-01 8.990737199783325195e-01 9.037675857543945312e-01 9.150445461273193359e-01 9.255474209785461426e-01 9.337658882141113281e-01 9.367956519126892090e-01 9.517212510108947754e-01 9.523255228996276855e-01 9.665805101394653320e-01 9.909932613372802734e-01 9.957659244537353516e-01 1.011850595474243164e+00 1.030091404914855957e+00 1.047251582145690918e+00 1.066500902175903320e+00 1.086412668228149414e+00 1.086791753768920898e+00 1.085426211357116699e+00 1.073782205581665039e+00 1.037973403930664062e+00 1.003672242164611816e+00 9.636677503585815430e-01 9.324910640716552734e-01 9.194679260253906250e-01 9.068983197212219238e-01 8.994473814964294434e-01 8.915851712226867676e-01 8.832934498786926270e-01 8.839325904846191406e-01 8.671884536743164062e-01 8.619284629821777344e-01 8.645059466361999512e-01 8.661885261535644531e-01 8.680781126022338867e-01 8.692988753318786621e-01 8.652903437614440918e-01 8.654826879501342773e-01 8.568168282508850098e-01 8.607142567634582520e-01 8.617122173309326172e-01 8.747118711471557617e-01 8.726181983947753906e-01 8.788035511970520020e-01 8.864439129829406738e-01 8.697480559349060059e-01 8.835648894309997559e-01 8.820964694023132324e-01 8.801586031913757324e-01 8.783663511276245117e-01 8.875164389610290527e-01 8.854755163192749023e-01
1.016149282455444336e+00 1.020241737365722656e+00 1.018217682838439941e+00 1.015089869499206543e+00 1.017676711082458496e+00 1.026532769203186035e+00 1.039306998252868652e+00 1.044718027114868164e+00 1.052330136299133301e+00 1.051456332206726074e+00 1.056085944175720215e+00 1.071889400482177734e+00 1.082286357879638672e+00 1.083876013755798340e+00 1.094041585922241211e+00 1.103582859039306641e+00 1.105440258979797363e+00 1.119766712188720703e+00 1.122490644454956055e+00 1.123803496360778809e+00 1.134831428527832031e+00 1.137490153312683105e+00 1.149501442909240723e+00 1.156942248344421387e+00 1.160578012466430664e+00 1.164309740066528320e+00 1.165516614913940430e+00 1.164918422698974609e+00 1.166220903396606445e+00 1.151885390281677246e+00 1.126749753952026367e+00 1.087180972099304199e+00 1.021565794944763184e+00 9.719724655151367188e-01 9.448103904724121094e-01 9.212023615837097168e-01 9.089677929878234863e-01 8.987679481506347656e-01 8.863368630409240723e-01 8.795816302299499512e-01 8.724620342254638672e-01 8.738545179367065430e-01 8.799064755439758301e-01 8.796904087066650391e-01 8.797593116760253906e-01 8.854600191116333008e-01 8.789541125297546387e-01 8.838389515876770020e-01 8.929362893104553223e-01 9.041935205459594727e-01 9.078611731529235840e-01 9.199260473251342773e-01 9.294626116752624512e-01 9.385144710540771484e-01 9.475429058074951172e-01 9.514754414558410645e-01 9.704036712646484375e-01 9.863843917846679688e-01 1.000555992126464844e+00 1.015106081962585449e+00 1.025392293930053711e+00 1.042298674583435059e+00 1.064577579498291016e+00 1.076332092285156250e+00 1.084873914718627930e+00 1.077936172485351562e+00 1.058416843414306641e+00 1.023473858833312988e+00 9.916829466819763184e-01 9.616122245788574219e-01 9.435625076293945312e-01 9.256225824356079102e-01 9.179583191871643066e-01 9.031853675842285156e-01 8.919267058372497559e-01 8.868262171745300293e-01 8.830421566963195801e-01 8.721424341201782227e-01 8.645874857902526855e-01 8.634353876113891602e-01 8.627077341079711914e-01 8.648207187652587891e-01 8.633547425270080566e-01 8.611612319946289062e-01 8.631732463836669922e-01 8.576649427413940430e-01 8.574891686439514160e-01 8.615069985389709473e-01 8.723460435867309570e-01 8.703916072845458984e-01 8.799540996551513672e-01 8.831008672714233398e-01 8.689307570457458496e-01 8.801711201667785645e-01 8.776167631149291992e-01 8.718599677085876465e-01 8.851402401924133301e-01 8.941718935966491699e-01 8.900737166404724121e-01
1.019625782966613770e+00 1.024553179740905762e+00 1.024351358413696289e+00 1.017676711082458496e+00 1.001541614532470703e+00 1.008489966392517090e+00 1.030593872070312500e+00 1.035962343215942383e+00 1.042328834533691406e+00 1.044254779815673828e+00 1.050553917884826660e+00 1.067375421524047852e+00 1.074311137199401855e+00 1.078256964683532715e+00 1.088242053985595703e+00 1.095625996589660645e+00 1.099790692329406738e+00 1.107440352439880371e+00 1.112918257713317871e+00 1.114691615104675293e+00 1.123429179191589355e+00 1.128582119941711426e+00 1.141306042671203613e+00 1.152986764907836914e+00 1.146525502204895020e+00 1.151936531066894531e+00 1.156252861022949219e+00 1.154577851295471191e+00 1.148850798606872559e+00 1.133388996124267578e+00 1.119821548461914062e+00 1.082233905792236328e+00 1.014552593231201172e+00 9.576402902603149414e-01 9.299660325050354004e-01 9.074550867080688477e-01 8.953009843826293945e-01 8.880235552787780762e-01 8.787351846694946289e-01 8.754348158836364746e-01 8.705333471298217773e-01 8.681475520133972168e-01 8.724008798599243164e-01 8.725229501724243164e-01 8.742619156837463379e-01 8.781682848930358887e-01 8.739190101623535156e-01 8.812474608421325684e-01 8.946275711059570312e-01 8.974261879920959473e-01 8.969537019729614258e-01 9.148764610290527344e-01 9.246407151222229004e-01 9.267165064811706543e-01 9.382882118225097656e-01 9.488077759742736816e-01 9.684767127037048340e-01 9.786314964294433594e-01 9.920243620872497559e-01 1.007378578186035156e+00 1.019573688507080078e+00 1.037922620773315430e+00 1.056525111198425293e+00 1.063248038291931152e+00 1.072376489639282227e+00 1.063673734664916992e+00 1.040599822998046875e+00 1.016752600669860840e+00 9.866701364517211914e-01 9.535923004150390625e-01 9.343895912170410156e-01 9.126454591751098633e-01 9.021578431129455566e-01 8.910942077636718750e-01 8.878234624862670898e-01 8.763418197631835938e-01 8.693332672119140625e-01 8.603011965751647949e-01 8.562079071998596191e-01 8.504349589347839355e-01 8.599088788032531738e-01 8.541317582130432129e-01 8.585368394851684570e-01 8.615501523017883301e-01 8.585464358329772949e-01 8.512569665908813477e-01 8.572844862937927246e-01 8.607862591743469238e-01 8.594063520431518555e-01 8.702970147132873535e-01 8.710097670555114746e-01 8.673738837242126465e-01 8.583958745002746582e-01 8.725861907005310059e-01 8.720936179161071777e-01 8.772159218788146973e-01 8.778999447822570801e-01 8.874663710594177246e-01 8.939604163169860840e-01
1.026963472366333008e+00 1.032062530517578125e+00 1.029774308204650879e+00 1.026532769203186035e+00 1.008489966392517090e+00 1.005195617675781250e+00 1.021167993545532227e+00 1.023866534233093262e+00 1.033323764801025391e+00 1.039173722267150879e+00 1.047623872756958008e+00 1.063385605812072754e+00 1.068352222442626953e+00 1.070683121681213379e+00 1.078565716743469238e+00 1.090372562408447266e+00 1.096922993659973145e+00 1.105588555335998535e+00 1.110983490943908691e+00 1.114124417304992676e+00 1.122529983520507812e+00 1.124601840972900391e+00 1.133110523223876953e+00 1.135768055915832520e+00 1.138326644897460938e+00 1.143817782402038574e+00 1.147197723388671875e+00 1.145556688308715820e+00 1.143191099166870117e+00 1.126179575920104980e+00 1.106781601905822754e+00 1.064684987068176270e+00 1.001624941825866699e+00 9.518482685089111328e-01 9.187707304954528809e-01 9.015787839889526367e-01 8.894613385200500488e-01 8.811876177787780762e-01 8.705607652664184570e-01 8.667616248130798340e-01 8.639128804206848145e-01 8.662549853324890137e-01 8.676676154136657715e-01 8.694721460342407227e-01 8.693019151687622070e-01 8.763360381126403809e-01 8.715707659721374512e-01 8.797672390937805176e-01 8.954320549964904785e-01 8.974602818489074707e-01 9.023895859718322754e-01 9.115107655525207520e-01 9.225038886070251465e-01 9.289022684097290039e-01 9.406472444534301758e-01 9.533624649047851562e-01 9.656552672386169434e-01 9.774546623229980469e-01 9.943878650665283203e-01 1.002417564392089844e+00 1.020797848701477051e+00 1.038950204849243164e+00 1.053195834159851074e+00 1.063698291778564453e+00 1.071953296661376953e+00 1.063908100128173828e+00 1.050530314445495605e+00 1.013837456703186035e+00 9.805296659469604492e-01 9.526490569114685059e-01 9.337436556816101074e-01 9.100211858749389648e-01 9.015971422195434570e-01 8.851656317710876465e-01 8.817962408065795898e-01 8.703979849815368652e-01 8.673537373542785645e-01 8.562924265861511230e-01 8.569545149803161621e-01 8.546069264411926270e-01 8.578760623931884766e-01 8.596234321594238281e-01 8.597850203514099121e-01 8.574454188346862793e-01 8.485114574432373047e-01 8.515852093696594238e-01 8.559098839759826660e-01 8.523038029670715332e-01 8.719860315322875977e-01 8.598573803901672363e-01 8.614746332168579102e-01 8.643811345100402832e-01 8.625838160514831543e-01 8.761513829231262207e-01 8.763943910598754883e-01 8.902710676193237305e-01 8.830374479293823242e-01 8.888148069381713867e-01 8.894693851470947266e-01
1.035662770271301270e+00 1.039885282516479492e+00 1.038917303085327148e+00 1.039306998252868652e+00 1.030593872070312500e+00 1.021167993545532227e+00 1.009767532348632812e+00 1.014370441436767578e+00 1.020734310150146484e+00 1.026636838912963867e+00 1.036928653717041016e+00 1.053864121437072754e+00 1.060913324356079102e+00 1.064940571784973145e+00 1.076562523841857910e+00 1.083593010902404785e+00 1.092095851898193359e+00 1.104926109313964844e+00 1.104713559150695801e+00 1.107854366302490234e+00 1.116475701332092285e+00 1.116978287696838379e+00 1.121432542800903320e+00 1.126273155212402344e+00 1.132201313972473145e+00 1.134441256523132324e+00 1.142744064331054688e+00 1.143022060394287109e+00 1.134862899780273438e+00 1.117806911468505859e+00 1.094738960266113281e+00 1.060634970664978027e+00 9.936479926109313965e-01 9.470391273498535156e-01 9.155212640762329102e-01 8.955122232437133789e-01 8.809217810630798340e-01 8.715361356735229492e-01 8.624837994575500488e-01 8.612180948257446289e-01 8.569854497909545898e-01 8.580534458160400391e-01 8.591054677963256836e-01 8.580432534217834473e-01 8.626428246498107910e-01 8.693307638168334961e-01 8.658442497253417969e-01 8.761419653892517090e-01 8.853284120559692383e-01 8.855034112930297852e-01 8.984133005142211914e-01 9.071478247642517090e-01 9.227055311203002930e-01 9.258233308792114258e-01 9.427874684333801270e-01 9.504614472389221191e-01 9.634847044944763184e-01 9.755837321281433105e-01 9.891007542610168457e-01 1.004792690277099609e+00 1.022858977317810059e+00 1.037683248519897461e+00 1.054988741874694824e+00 1.056312680244445801e+00 1.064832925796508789e+00 1.060108661651611328e+00 1.046436190605163574e+00 1.017063379287719727e+00 9.902163743972778320e-01 9.559788107872009277e-01 9.336709380149841309e-01 9.147936701774597168e-01 9.004483819007873535e-01 8.888460397720336914e-01 8.842733502388000488e-01 8.768019080162048340e-01 8.699583411216735840e-01 8.578829169273376465e-01 8.653241395950317383e-01 8.653014898300170898e-01 8.606612682342529297e-01 8.653052449226379395e-01 8.620423674583435059e-01 8.572788238525390625e-01 8.412525653839111328e-01 8.467903733253479004e-01 8.526539802551269531e-01 8.503199815750122070e-01 8.545700311660766602e-01 8.549306988716125488e-01 8.610748052597045898e-01 8.636519908905029297e-01 8.631956577301025391e-01 8.664187788963317871e-01 8.753144145011901855e-01 8.852623105049133301e-01 8.822186589241027832e-01 8.846848607063293457e-01 8.884897232055664062e-01
1.046266436576843262e+00 1.045921206474304199e+00 1.046628236770629883e+00 1.044718027114868164e+00 1.035962343215942383e+00 1.023866534233093262e+00 1.014370441436767578e+00 1.014192700386047363e+00 1.020281553268432617e+00 1.031935691833496094e+00 1.034668087959289551e+00 1.047909975051879883e+00 1.054428339004516602e+00 1.061710000038146973e+00 1.067917108535766602e+00 1.080792665481567383e+00 1.085987448692321777e+00 1.100774645805358887e+00 1.101128697395324707e+00 1.102742433547973633e+00 1.113721489906311035e+00 1.110874652862548828e+00 1.118018150329589844e+00 1.120601058006286621e+00 1.126233339309692383e+00 1.124304413795471191e+00 1.132804751396179199e+00 1.135357141494750977e+00 1.125007987022399902e+00 1.106803655624389648e+00 1.083394169807434082e+00 1.041531682014465332e+00 9.811751842498779297e-01 9.300523400306701660e-01 9.056950211524963379e-01 8.857535123825073242e-01 8.744759559631347656e-01 8.631532192230224609e-01 8.585522770881652832e-01 8.565104603767395020e-01 8.531816601753234863e-01 8.484688997268676758e-01 8.503280878067016602e-01 8.529393672943115234e-01 8.625437021255493164e-01 8.626896739006042480e-01 8.624798059463500977e-01 8.683161735534667969e-01 8.773772120475769043e-01 8.814987540245056152e-01 8.941205739974975586e-01 9.019564986228942871e-01 9.143615365028381348e-01 9.204517006874084473e-01 9.342606067657470703e-01 9.438475370407104492e-01 9.564409255981445312e-01 9.743635058403015137e-01 9.861302375793457031e-01 9.992219805717468262e-01 1.018268704414367676e+00 1.028673648834228516e+00 1.054823279380798340e+00 1.060082435607910156e+00 1.062365770339965820e+00 1.058508038520812988e+00 1.037408709526062012e+00 1.016230821609497070e+00 9.856569170951843262e-01 9.516811966896057129e-01 9.328949451446533203e-01 9.069368839263916016e-01 9.003691673278808594e-01 8.881614804267883301e-01 8.803660869598388672e-01 8.739323616027832031e-01 8.722292780876159668e-01 8.555976748466491699e-01 8.585229516029357910e-01 8.565614819526672363e-01 8.572684526443481445e-01 8.609811067581176758e-01 8.571468591690063477e-01 8.537396192550659180e-01 8.407874107360839844e-01 8.454624414443969727e-01 8.416052460670471191e-01 8.494698405265808105e-01 8.491684198379516602e-01 8.576901555061340332e-01 8.671004772186279297e-01 8.661912083625793457e-01 8.565629720687866211e-01 8.632404804229736328e-01 8.640868067741394043e-01 8.662738204002380371e-01 8.661454319953918457e-01 8.771716356277465820e-01 8.850780725479125977e-01
1.056339621543884277e+00 1.055587053298950195e+00 1.051211595535278320e+00 1.052330136299133301e+00 1.042328834533691406e+00 1.033323764801025391e+00 1.020734310150146484e+00 1.020281553268432617e+00 1.001444339752197266e+00 1.007602810859680176e+00 1.022618174552917480e+00 1.039298653602600098e+00 1.047852754592895508e+00 1.055264830589294434e+00 1.058622121810913086e+00 1.074009180068969727e+00 1.081083893775939941e+00 1.089850187301635742e+00 1.091767549514770508e+00 1.097136378288269043e+00 1.103841900825500488e+00 1.107228040695190430e+00 1.110891103744506836e+00 1.116194844245910645e+00 1.117496013641357422e+00 1.122251510620117188e+00 1.125814199447631836e+00 1.125684380531311035e+00 1.119271516799926758e+00 1.104878783226013184e+00 1.079602241516113281e+00 1.033751964569091797e+00 9.714776873588562012e-01 9.241682887077331543e-01 8.989716768264770508e-01 8.865143656730651855e-01 8.742756247520446777e-01 8.661471605300903320e-01 8.538447022438049316e-01 8.469328284263610840e-01 8.484220504760742188e-01 8.478541970252990723e-01 8.466902375221252441e-01 8.478045463562011719e-01 8.493967056274414062e-01 8.577838540077209473e-01 8.540108799934387207e-01 8.610553145408630371e-01 8.761355876922607422e-01 8.823074102401733398e-01 8.840520381927490234e-01 8.955774307250976562e-01 9.087619781494140625e-01 9.148516654968261719e-01 9.276854395866394043e-01 9.416137337684631348e-01 9.546924829483032227e-01 9.643180966377258301e-01 9.803805351257324219e-01 1.000402331352233887e+00 1.012521147727966309e+00 1.023223638534545898e+00 1.044719815254211426e+00 1.055026531219482422e+00 1.056857228279113770e+00 1.056742072105407715e+00 1.033531069755554199e+00 1.012282371520996094e+00 9.777246713638305664e-01 9.437744617462158203e-01 9.354947209358215332e-01 9.121205806732177734e-01 8.995670676231384277e-01 8.858670592308044434e-01 8.789268136024475098e-01 8.764101266860961914e-01 8.733277916908264160e-01 8.649298548698425293e-01 8.581053018569946289e-01 8.532868027687072754e-01 8.546323776245117188e-01 8.643308281898498535e-01 8.616041541099548340e-01 8.523342609405517578e-01 8.448554873466491699e-01 8.473289012908935547e-01 8.431986570358276367e-01 8.516567945480346680e-01 8.554736971855163574e-01 8.585042357444763184e-01 8.625999093055725098e-01 8.632333874702453613e-01 8.549794554710388184e-01 8.614285588264465332e-01 8.635978102684020996e-01 8.667511343955993652e-01 8.654330968856811523e-01 8.818741440773010254e-01 8.819060921669006348e-01
1.061982750892639160e+00 1.057919144630432129e+00 1.051693916320800781e+00 1.051456332206726074e+00 1.044254779815673828e+00 1.039173722267150879e+00 1.026636838912963867e+00 1.031935691833496094e+00 1.007602810859680176e+00 9.962884187698364258e-01 1.004840612411499023e+00 1.025810122489929199e+00 1.035879373550415039e+00 1.043278813362121582e+00 1.052001833915710449e+00 1.066156506538391113e+00 1.071809172630310059e+00 1.077405571937561035e+00 1.081978082656860352e+00 1.086146116256713867e+00 1.090417981147766113e+00 1.093861222267150879e+00 1.095850944519042969e+00 1.101731181144714355e+00 1.106890559196472168e+00 1.110613465309143066e+00 1.117151379585266113e+00 1.111456394195556641e+00 1.106009125709533691e+00 1.091632008552551270e+00 1.067696452140808105e+00 1.025898218154907227e+00 9.619545340538024902e-01 9.126770496368408203e-01 8.869509100914001465e-01 8.714367151260375977e-01 8.608520627021789551e-01 8.517664670944213867e-01 8.450458049774169922e-01 8.432205915451049805e-01 8.419786095619201660e-01 8.413916230201721191e-01 8.417457342147827148e-01 8.435726761817932129e-01 8.467600941658020020e-01 8.536686897277832031e-01 8.480820059776306152e-01 8.519163131713867188e-01 8.685483932495117188e-01 8.745073080062866211e-01 8.822579383850097656e-01 8.892744779586791992e-01 8.986709117889404297e-01 9.075518250465393066e-01 9.233351945877075195e-01 9.335200190544128418e-01 9.475018382072448730e-01 9.583395719528198242e-01 9.677408933639526367e-01 9.933120608329772949e-01 1.004445075988769531e+00 1.023250699043273926e+00 1.035787343978881836e+00 1.047611474990844727e+00 1.053173422813415527e+00 1.052206516265869141e+00 1.022839546203613281e+00 9.951876997947692871e-01 9.659191370010375977e-01 9.371036291122436523e-01 9.238825440406799316e-01 9.008793234825134277e-01 8.944134116172790527e-01 8.867262005805969238e-01 8.754127621650695801e-01 8.702046871185302734e-01 8.672441840171813965e-01 8.585726022720336914e-01 8.536170125007629395e-01 8.468996286392211914e-01 8.476053476333618164e-01 8.526603579521179199e-01 8.549587726593017578e-01 8.580738902091979980e-01 8.449481725692749023e-01 8.393601179122924805e-01 8.409923911094665527e-01 8.499461412429809570e-01 8.619868755340576172e-01 8.567972779273986816e-01 8.615453243255615234e-01 8.646755218505859375e-01 8.477469682693481445e-01 8.456252217292785645e-01 8.537028431892395020e-01 8.686428070068359375e-01 8.679373264312744141e-01 8.753712773323059082e-01 8.741723299026489258e-01
1.066405773162841797e+00 1.063629746437072754e+00 1.059889912605285645e+00 1.056085944175720215e+00 1.050553917884826660e+00 1.047623872756958008e+00 1.036928653717041016e+00 1.034668087959289551e+00 1.022618174552917480e+00 1.004840612411499023e+00 9.998495578765869141e-01 1.011505722999572754e+00 1.022490859031677246e+00 1.029804468154907227e+00 1.041497230529785156e+00 1.058866500854492188e+00 1.065151095390319824e+00 1.069381833076477051e+00 1.073184967041015625e+00 1.077847242355346680e+00 1.082105040550231934e+00 1.087720513343811035e+00 1.091358423233032227e+00 1.095117688179016113e+00 1.101912736892700195e+00 1.101643323898315430e+00 1.109906196594238281e+00 1.101988911628723145e+00 1.094384312629699707e+00 1.086005806922912598e+00 1.060651540756225586e+00 1.020691752433776855e+00 9.551807641983032227e-01 9.064972996711730957e-01 8.828327655792236328e-01 8.611468672752380371e-01 8.553765416145324707e-01 8.447389602661132812e-01 8.369448184967041016e-01 8.365802168846130371e-01 8.336341977119445801e-01 8.321104049682617188e-01 8.364654779434204102e-01 8.402813673019409180e-01 8.527491092681884766e-01 8.547433018684387207e-01 8.477212190628051758e-01 8.564931154251098633e-01 8.671596050262451172e-01 8.717489242553710938e-01 8.815509080886840820e-01 8.921804428100585938e-01 8.931846022605895996e-01 9.008972644805908203e-01 9.216902852058410645e-01 9.305868744850158691e-01 9.422029852867126465e-01 9.567106366157531738e-01 9.695614576339721680e-01 9.888256788253784180e-01 1.000814437866210938e+00 1.017861008644104004e+00 1.047847628593444824e+00 1.051526069641113281e+00 1.047546029090881348e+00 1.040821194648742676e+00 1.020583748817443848e+00 9.944548606872558594e-01 9.645372629165649414e-01 9.398251175880432129e-01 9.190443754196166992e-01 8.906019926071166992e-01 8.825085759162902832e-01 8.789638280868530273e-01 8.762146234512329102e-01 8.674120903015136719e-01 8.660627603530883789e-01 8.532081246376037598e-01 8.470479249954223633e-01 8.455152511596679688e-01 8.485597372055053711e-01 8.539307713508605957e-01 8.484344482421875000e-01 8.497954010963439941e-01 8.490836024284362793e-01 8.418613076210021973e-01 8.472489714622497559e-01 8.566671609878540039e-01 8.635433316230773926e-01 8.614167571067810059e-01 8.514214158058166504e-01 8.609450459480285645e-01 8.471608757972717285e-01 8.492512702941894531e-01 8.532950282096862793e-01 8.622677922248840332e-01 8.664789795875549316e-01 8.718208670616149902e-01 8.694937825202941895e-01
1.080721735954284668e+00 1.077781796455383301e+00 1.074711918830871582e+00 1.071889400482177734e+00 1.067375421524047852e+00 1.063385605812072754e+00 1.053864121437072754e+00 1.047909975051879883e+00 1.039298653602600098e+00 1.025810122489929199e+00 1.011505722999572754e+00 1.003387451171875000e+00 1.008571624755859375e+00 1.020735263824462891e+00 1.036906242370605469e+00 1.047489047050476074e+00 1.057758331298828125e+00 1.064505338668823242e+00 1.067448496818542480e+00 1.069684028625488281e+00 1.076530933380126953e+00 1.079335808753967285e+00 1.082372903823852539e+00 1.091489195823669434e+00 1.089346170425415039e+00 1.091017723083496094e+00 1.095354676246643066e+00 1.095479130744934082e+00 1.092393040657043457e+00 1.077230334281921387e+00 1.052142977714538574e+00 1.009559392929077148e+00 9.504359960556030273e-01 8.998042345046997070e-01 8.729005455970764160e-01 8.580520749092102051e-01 8.448244333267211914e-01 8.341028690338134766e-01 8.319764733314514160e-01 8.261097073554992676e-01 8.252032399177551270e-01 8.310320377349853516e-01 8.269482254981994629e-01 8.297752141952514648e-01 8.466272950172424316e-01 8.501485586166381836e-01 8.474713563919067383e-01 8.607441186904907227e-01 8.657661080360412598e-01 8.708680272102355957e-01 8.806779384613037109e-01 8.904138207435607910e-01 8.951850533485412598e-01 8.971191048622131348e-01 9.149771928787231445e-01 9.276165962219238281e-01 9.370122551918029785e-01 9.476347565650939941e-01 9.564219117164611816e-01 9.772033095359802246e-01 9.938641190528869629e-01 1.014983654022216797e+00 1.035566329956054688e+00 1.039624810218811035e+00 1.046335101127624512e+00 1.031984925270080566e+00 1.015326619148254395e+00 9.945138096809387207e-01 9.676516056060791016e-01 9.423272609710693359e-01 9.147876501083374023e-01 8.874831795692443848e-01 8.851001858711242676e-01 8.802054524421691895e-01 8.792590498924255371e-01 8.682924509048461914e-01 8.687682151794433594e-01 8.509942293167114258e-01 8.485766649246215820e-01 8.435798287391662598e-01 8.485438227653503418e-01 8.554639220237731934e-01 8.484611511230468750e-01 8.453553318977355957e-01 8.479551672935485840e-01 8.467399477958679199e-01 8.530043959617614746e-01 8.528145551681518555e-01 8.521990180015563965e-01 8.582980632781982422e-01 8.515579104423522949e-01 8.573743104934692383e-01 8.500673770904541016e-01 8.577324748039245605e-01 8.549790978431701660e-01 8.631951808929443359e-01 8.731843829154968262e-01 8.749498128890991211e-01 8.607088923454284668e-01
1.084921956062316895e+00 1.085518956184387207e+00 1.082075476646423340e+00 1.082286357879638672e+00 1.074311137199401855e+00 1.068352222442626953e+00 1.060913324356079102e+00 1.054428339004516602e+00 1.047852754592895508e+00 1.035879373550415039e+00 1.022490859031677246e+00 1.008571624755859375e+00 1.005956888198852539e+00 1.018024802207946777e+00 1.027824521064758301e+00 1.040105223655700684e+00 1.048112154006958008e+00 1.057888984680175781e+00 1.061699867248535156e+00 1.066667437553405762e+00 1.070445895195007324e+00 1.071010231971740723e+00 1.079310774803161621e+00 1.081883311271667480e+00 1.082836151123046875e+00 1.083083868026733398e+00 1.088298559188842773e+00 1.088179111480712891e+00 1.082067966461181641e+00 1.068926095962524414e+00 1.044862508773803711e+00 1.002391934394836426e+00 9.454913735389709473e-01 8.950061202049255371e-01 8.641311526298522949e-01 8.477290272712707520e-01 8.342451453208923340e-01 8.291062712669372559e-01 8.221332430839538574e-01 8.151082992553710938e-01 8.174085021018981934e-01 8.249716758728027344e-01 8.274669051170349121e-01 8.276690840721130371e-01 8.385455012321472168e-01 8.429277539253234863e-01 8.442636728286743164e-01 8.553397059440612793e-01 8.659256696701049805e-01 8.639294505119323730e-01 8.693190217018127441e-01 8.776845932006835938e-01 8.887429237365722656e-01 8.933504819869995117e-01 9.156945943832397461e-01 9.259802699089050293e-01 9.337347745895385742e-01 9.470955133438110352e-01 9.627587199211120605e-01 9.795750379562377930e-01 9.995746016502380371e-01 1.010648965835571289e+00 1.033652305603027344e+00 1.040060162544250488e+00 1.043787121772766113e+00 1.029431581497192383e+00 1.013154268264770508e+00 9.912691712379455566e-01 9.629878401756286621e-01 9.299608469009399414e-01 9.171717166900634766e-01 8.924162387847900391e-01 8.861926198005676270e-01 8.766481280326843262e-01 8.776488304138183594e-01 8.669054508209228516e-01 8.654476404190063477e-01 8.516200780868530273e-01 8.477406501770019531e-01 8.390107750892639160e-01 8.430232405662536621e-01 8.472047448158264160e-01 8.441390395164489746e-01 8.428946733474731445e-01 8.458576798439025879e-01 8.470842838287353516e-01 8.527446985244750977e-01 8.531934618949890137e-01 8.570275306701660156e-01 8.612238764762878418e-01 8.621219992637634277e-01 8.569067120552062988e-01 8.487272858619689941e-01 8.516436219215393066e-01 8.564792275428771973e-01 8.597437143325805664e-01 8.632330894470214844e-01 8.671542406082153320e-01 8.624377250671386719e-01
1.093573451042175293e+00 1.091903567314147949e+00 1.086008071899414062e+00 1.083876013755798340e+00 1.078256964683532715e+00 1.070683121681213379e+00 1.064940571784973145e+00 1.061710000038146973e+00 1.055264830589294434e+00 1.043278813362121582e+00 1.029804468154907227e+00 1.020735263824462891e+00 1.018024802207946777e+00 1.006599783897399902e+00 1.005597591400146484e+00 1.018165349960327148e+00 1.031544685363769531e+00 1.044639229774475098e+00 1.049809098243713379e+00 1.057045578956604004e+00 1.061250686645507812e+00 1.062597393989562988e+00 1.066434383392333984e+00 1.071524858474731445e+00 1.072099804878234863e+00 1.075831413269042969e+00 1.084788084030151367e+00 1.084625720977783203e+00 1.082525372505187988e+00 1.062195420265197754e+00 1.037304878234863281e+00 9.978632330894470215e-01 9.406479597091674805e-01 8.878562450408935547e-01 8.625562191009521484e-01 8.435230255126953125e-01 8.293263316154479980e-01 8.176512718200683594e-01 8.126053214073181152e-01 8.116882443428039551e-01 8.146241903305053711e-01 8.172017931938171387e-01 8.208902478218078613e-01 8.224474787712097168e-01 8.315958976745605469e-01 8.329851627349853516e-01 8.337602019309997559e-01 8.445863723754882812e-01 8.602311015129089355e-01 8.664160370826721191e-01 8.725373148918151855e-01 8.709760308265686035e-01 8.828567266464233398e-01 8.944821953773498535e-01 9.097947478294372559e-01 9.281798005104064941e-01 9.334414005279541016e-01 9.456802606582641602e-01 9.640743732452392578e-01 9.787176251411437988e-01 9.993015527725219727e-01 1.011873841285705566e+00 1.032603859901428223e+00 1.041345715522766113e+00 1.045866131782531738e+00 1.036788582801818848e+00 1.014706373214721680e+00 9.879083633422851562e-01 9.569010734558105469e-01 9.255105257034301758e-01 9.152457714080810547e-01 8.994346261024475098e-01 8.879840373992919922e-01 8.746019005775451660e-01 8.696612715721130371e-01 8.699997067451477051e-01 8.637205958366394043e-01 8.531439304351806641e-01 8.441034555435180664e-01 8.400505781173706055e-01 8.435695767402648926e-01 8.482875227928161621e-01 8.527441620826721191e-01 8.438848853111267090e-01 8.400680422782897949e-01 8.378280401229858398e-01 8.433051705360412598e-01 8.472996354103088379e-01 8.516892790794372559e-01 8.573206663131713867e-01 8.568537831306457520e-01 8.494613170623779297e-01 8.506791591644287109e-01 8.517861962318420410e-01 8.518236279487609863e-01 8.572614192962646484e-01 8.491654396057128906e-01 8.535658121109008789e-01 8.516107797622680664e-01
1.102614521980285645e+00 1.104444742202758789e+00 1.095120787620544434e+00 1.094041585922241211e+00 1.088242053985595703e+00 1.078565716743469238e+00 1.076562523841857910e+00 1.067917108535766602e+00 1.058622121810913086e+00 1.052001833915710449e+00 1.041497230529785156e+00 1.036906242370605469e+00 1.027824521064758301e+00 1.005597591400146484e+00 9.901153445243835449e-01 1.006578207015991211e+00 1.029741406440734863e+00 1.046526551246643066e+00 1.045602440834045410e+00 1.049842000007629395e+00 1.051284432411193848e+00 1.054809570312500000e+00 1.060529589653015137e+00 1.064875602722167969e+00 1.065567255020141602e+00 1.070281147956848145e+00 1.080378413200378418e+00 1.080935955047607422e+00 1.072095155715942383e+00 1.053385496139526367e+00 1.028093814849853516e+00 9.859797954559326172e-01 9.312395453453063965e-01 8.808049559593200684e-01 8.543137311935424805e-01 8.381718993186950684e-01 8.308743238449096680e-01 8.163527846336364746e-01 8.124679923057556152e-01 8.111682534217834473e-01 8.079828619956970215e-01 8.101336956024169922e-01 8.182845115661621094e-01 8.170417547225952148e-01 8.247378468513488770e-01 8.285743594169616699e-01 8.304561376571655273e-01 8.391045928001403809e-01 8.565878868103027344e-01 8.647444844245910645e-01 8.663386702537536621e-01 8.698127865791320801e-01 8.843604922294616699e-01 8.900505900382995605e-01 9.055717587471008301e-01 9.281560778617858887e-01 9.305007457733154297e-01 9.464315772056579590e-01 9.606118202209472656e-01 9.696100354194641113e-01 9.952145218849182129e-01 1.008426785469055176e+00 1.030166387557983398e+00 1.038518786430358887e+00 1.045678973197937012e+00 1.042406320571899414e+00 1.026126265525817871e+00 9.896345734596252441e-01 9.596297144889831543e-01 9.314429163932800293e-01 9.107537865638732910e-01 8.977381587028503418e-01 8.844667077064514160e-01 8.798367977142333984e-01 8.752828240394592285e-01 8.730918169021606445e-01 8.624247312545776367e-01 8.490890264511108398e-01 8.472865223884582520e-01 8.400350809097290039e-01 8.387081623077392578e-01 8.446055054664611816e-01 8.464840054512023926e-01 8.477146029472351074e-01 8.444667458534240723e-01 8.393291234970092773e-01 8.410513401031494141e-01 8.446309566497802734e-01 8.534060716629028320e-01 8.554269671440124512e-01 8.490520119667053223e-01 8.555572628974914551e-01 8.519417047500610352e-01 8.593032956123352051e-01 8.467627763748168945e-01 8.463815450668334961e-01 8.505811095237731934e-01 8.553013205528259277e-01 8.538280725479125977e-01
1.113649725914001465e+00 1.114995479583740234e+00 1.111181378364562988e+00 1.103582859039306641e+00 1.095625996589660645e+00 1.090372562408447266e+00 1.083593010902404785e+00 1.080792665481567383e+00 1.074009180068969727e+00 1.066156506538391113e+00 1.058866500854492188e+00 1.047489047050476074e+00 1.040105223655700684e+00 1.018165349960327148e+00 1.006578207015991211e+00 1.015522718429565430e+00 1.032675743103027344e+00 1.049487948417663574e+00 1.049135446548461914e+00 1.048897385597229004e+00 1.045954704284667969e+00 1.047914028167724609e+00 1.055901527404785156e+00 1.063509464263916016e+00 1.066387653350830078e+00 1.069803357124328613e+00 1.078006625175476074e+00 1.074133992195129395e+00 1.067045927047729492e+00 1.049080014228820801e+00 1.021760702133178711e+00 9.790421724319458008e-01 9.212210774421691895e-01 8.726229071617126465e-01 8.481882214546203613e-01 8.319779634475708008e-01 8.260493874549865723e-01 8.135064244270324707e-01 8.073518872261047363e-01 8.058817982673645020e-01 8.059406280517578125e-01 8.092615604400634766e-01 8.147036433219909668e-01 8.159705400466918945e-01 8.216356039047241211e-01 8.239517211914062500e-01 8.262750506401062012e-01 8.356886506080627441e-01 8.562898635864257812e-01 8.597807288169860840e-01 8.652924895286560059e-01 8.752841353416442871e-01 8.819983601570129395e-01 8.918769955635070801e-01 9.033910632133483887e-01 9.276460409164428711e-01 9.318240880966186523e-01 9.447672963142395020e-01 9.634724855422973633e-01 9.812467694282531738e-01 9.962500333786010742e-01 1.008257508277893066e+00 1.028828263282775879e+00 1.034871578216552734e+00 1.044536709785461426e+00 1.045156478881835938e+00 1.023826837539672852e+00 9.936804175376892090e-01 9.667310118675231934e-01 9.402463436126708984e-01 9.263222217559814453e-01 9.001106619834899902e-01 8.835008144378662109e-01 8.828181624412536621e-01 8.826136589050292969e-01 8.724960088729858398e-01 8.640395402908325195e-01 8.464152812957763672e-01 8.504893779754638672e-01 8.496778011322021484e-01 8.431081175804138184e-01 8.400254249572753906e-01 8.437255620956420898e-01 8.433282375335693359e-01 8.417444229125976562e-01 8.357419967651367188e-01 8.352671265602111816e-01 8.434993028640747070e-01 8.485968112945556641e-01 8.517335653305053711e-01 8.527422547340393066e-01 8.583652973175048828e-01 8.542923927307128906e-01 8.522356748580932617e-01 8.468890786170959473e-01 8.510147333145141602e-01 8.532584309577941895e-01 8.590945601463317871e-01 8.587902188301086426e-01
