1.138844728469848633e+00 1.225529789924621582e+00 1.374243140220642090e+00 1.458653211593627930e+00 1.544371604919433594e+00 1.565043807029724121e+00 1.588456988334655762e+00 1.587257385253906250e+00 1.595486998558044434e+00 1.594289779663085938e+00 1.607447028160095215e+00 1.620754003524780273e+00 1.625029683113098145e+00 1.638553380966186523e+00 1.640728235244750977e+00 1.617687225341796875e+00 1.623735785484313965e+00 1.597543478012084961e+00 1.584015250205993652e+00 1.582659482955932617e+00 1.599937438964843750e+00 1.603107929229736328e+00 1.596949458122253418e+00 1.599156022071838379e+00 1.631334424018859863e+00 1.632086396217346191e+00 1.638781189918518066e+00 1.637681961059570312e+00 1.667224168777465820e+00 1.711556911468505859e+00 1.708850979804992676e+00 1.710935115814208984e+00 1.764027118682861328e+00 1.702558994293212891e+00 1.609762310981750488e+00 1.573211312294006348e+00 1.546623706817626953e+00 1.531138539314270020e+00 1.509721994400024414e+00 1.482536077499389648e+00 1.449571251869201660e+00 1.434135675430297852e+00 1.414401054382324219e+00 1.414553046226501465e+00 1.411427497863769531e+00 1.391165256500244141e+00 1.348092794418334961e+00 1.339050292968750000e+00 1.334408521652221680e+00 1.303691625595092773e+00 1.318212389945983887e+00 1.314941406250000000e+00 1.303321361541748047e+00 1.316167116165161133e+00 1.303660035133361816e+00 1.290102958679199219e+00 1.289397001266479492e+00 1.292967081069946289e+00 1.310868978500366211e+00 1.253579497337341309e+00 1.276176452636718750e+00 1.259708166122436523e+00 1.277576208114624023e+00 1.304945707321166992e+00 1.302790045738220215e+00 1.348851799964904785e+00 1.395284295082092285e+00 1.311346292495727539e+00 1.272708535194396973e+00 1.295458078384399414e+00 1.274966359138488770e+00 1.295811653137207031e+00 1.286388397216796875e+00 1.292722463607788086e+00 1.278153181076049805e+00 1.297270417213439941e+00 1.305303215980529785e+00 1.318249464035034180e+00 1.320885062217712402e+00 1.336733102798461914e+00 1.360658526420593262e+00 1.364145994186401367e+00 1.371880888938903809e+00 1.369958162307739258e+00 1.366905212402343750e+00 1.358870029449462891e+00 1.385905265808105469e+00 1.366475939750671387e+00 1.386257648468017578e+00 1.426633358001708984e+00 1.472686648368835449e+00 1.468851804733276367e+00 1.450941920280456543e+00 1.414812684059143066e+00 1.382782220840454102e+00 1.400406241416931152e+00 1.426270365715026855e+00 1.432146072387695312e+00 1.483372569084167480e+00
1.225529789924621582e+00 1.091747283935546875e+00 1.213431119918823242e+00 1.324728608131408691e+00 1.419699311256408691e+00 1.451967954635620117e+00 1.497118115425109863e+00 1.513139843940734863e+00 1.549348592758178711e+00 1.556410908699035645e+00 1.573229074478149414e+00 1.576735615730285645e+00 1.580935239791870117e+00 1.607349753379821777e+00 1.604837059974670410e+00 1.584763050079345703e+00 1.589504599571228027e+00 1.560346364974975586e+00 1.556109786033630371e+00 1.558795809745788574e+00 1.571494340896606445e+00 1.575352430343627930e+00 1.572547435760498047e+00 1.571172475814819336e+00 1.594614028930664062e+00 1.598772644996643066e+00 1.622919440269470215e+00 1.641591668128967285e+00 1.655738949775695801e+00 1.683558106422424316e+00 1.686939358711242676e+00 1.677757143974304199e+00 1.744379043579101562e+00 1.685586452484130859e+00 1.590375065803527832e+00 1.544006705284118652e+00 1.537015318870544434e+00 1.504710197448730469e+00 1.477067589759826660e+00 1.460415244102478027e+00 1.443611025810241699e+00 1.433757781982421875e+00 1.401907682418823242e+00 1.394012928009033203e+00 1.370144009590148926e+00 1.355657577514648438e+00 1.348620891571044922e+00 1.328356385231018066e+00 1.315523982048034668e+00 1.296635150909423828e+00 1.305238962173461914e+00 1.316109061241149902e+00 1.313858509063720703e+00 1.318966388702392578e+00 1.298654675483703613e+00 1.297705173492431641e+00 1.293076634407043457e+00 1.287546515464782715e+00 1.296730995178222656e+00 1.240890145301818848e+00 1.252649784088134766e+00 1.251864075660705566e+00 1.277786135673522949e+00 1.290348887443542480e+00 1.301276803016662598e+00 1.317545771598815918e+00 1.374617576599121094e+00 1.280150175094604492e+00 1.279311895370483398e+00 1.269972562789916992e+00 1.246366620063781738e+00 1.283894419670104980e+00 1.241892933845520020e+00 1.254136443138122559e+00 1.253077983856201172e+00 1.266187548637390137e+00 1.273173809051513672e+00 1.287877798080444336e+00 1.289118289947509766e+00 1.300866723060607910e+00 1.319309353828430176e+00 1.336039900779724121e+00 1.333606004714965820e+00 1.323384165763854980e+00 1.362316012382507324e+00 1.331532239913940430e+00 1.333731412887573242e+00 1.336452722549438477e+00 1.339425086975097656e+00 1.350140452384948730e+00 1.408807158470153809e+00 1.401871204376220703e+00 1.398465633392333984e+00 1.352831125259399414e+00 1.343327522277832031e+00 1.352258563041687012e+00 1.352997303009033203e+00 1.358860492706298828e+00 1.445203661918640137e+00
1.374243140220642090e+00 1.213431119918823242e+00 1.120380520820617676e+00 1.204956650733947754e+00 1.322751402854919434e+00 1.384201288223266602e+00 1.449411392211914062e+00 1.488896965980529785e+00 1.534648418426513672e+00 1.556542754173278809e+00 1.573924422264099121e+00 1.583283066749572754e+00 1.592948555946350098e+00 1.614179849624633789e+00 1.617461681365966797e+00 1.599694728851318359e+00 1.601938247680664062e+00 1.577461123466491699e+00 1.574874043464660645e+00 1.580228924751281738e+00 1.602279782295227051e+00 1.601648569107055664e+00 1.595970273017883301e+00 1.596155285835266113e+00 1.606522798538208008e+00 1.623683810234069824e+00 1.637120842933654785e+00 1.662995338439941406e+00 1.697072148323059082e+00 1.714806914329528809e+00 1.719317913055419922e+00 1.708315968513488770e+00 1.762692332267761230e+00 1.706784605979919434e+00 1.609615445137023926e+00 1.569326400756835938e+00 1.558918118476867676e+00 1.535462617874145508e+00 1.509509563446044922e+00 1.486223459243774414e+00 1.472837567329406738e+00 1.457995772361755371e+00 1.431183099746704102e+00 1.427703976631164551e+00 1.417295098304748535e+00 1.409743428230285645e+00 1.383713126182556152e+00 1.353699803352355957e+00 1.337143182754516602e+00 1.344619631767272949e+00 1.354647874832153320e+00 1.370031476020812988e+00 1.368743777275085449e+00 1.349315524101257324e+00 1.342563390731811523e+00 1.334656119346618652e+00 1.332105994224548340e+00 1.334936022758483887e+00 1.335609912872314453e+00 1.285107851028442383e+00 1.296830773353576660e+00 1.290667533874511719e+00 1.315862774848937988e+00 1.335517764091491699e+00 1.347295641899108887e+00 1.379482150077819824e+00 1.412491917610168457e+00 1.326606869697570801e+00 1.319144368171691895e+00 1.300116539001464844e+00 1.277564644813537598e+00 1.306146979331970215e+00 1.288682818412780762e+00 1.277970194816589355e+00 1.292103409767150879e+00 1.299803018569946289e+00 1.279807090759277344e+00 1.305716514587402344e+00 1.324022650718688965e+00 1.335118651390075684e+00 1.333423614501953125e+00 1.353207707405090332e+00 1.362300872802734375e+00 1.366884827613830566e+00 1.397550702095031738e+00 1.382797718048095703e+00 1.380040645599365234e+00 1.376158475875854492e+00 1.371624708175659180e+00 1.385315537452697754e+00 1.427573084831237793e+00 1.430000782012939453e+00 1.432689309120178223e+00 1.398411989212036133e+00 1.361436486244201660e+00 1.353703022003173828e+00 1.370824098587036133e+00 1.363155841827392578e+00 1.478402018547058105e+00
1.458653211593627930e+00 1.324728608131408691e+00 1.204956650733947754e+00 1.114047050476074219e+00 1.224912762641906738e+00 1.328720450401306152e+00 1.393686175346374512e+00 1.445901513099670410e+00 1.489258050918579102e+00 1.523609399795532227e+00 1.553713798522949219e+00 1.559031248092651367e+00 1.571680068969726562e+00 1.599036097526550293e+00 1.596795797348022461e+00 1.582644343376159668e+00 1.588230609893798828e+00 1.566641092300415039e+00 1.561643004417419434e+00 1.572068095207214355e+00 1.594328641891479492e+00 1.592132329940795898e+00 1.584989309310913086e+00 1.576229572296142578e+00 1.591361761093139648e+00 1.604592919349670410e+00 1.621584773063659668e+00 1.647488951683044434e+00 1.673608303070068359e+00 1.713584542274475098e+00 1.715995311737060547e+00 1.714243650436401367e+00 1.768374919891357422e+00 1.714003801345825195e+00 1.600375175476074219e+00 1.564167857170104980e+00 1.539919018745422363e+00 1.522128820419311523e+00 1.502846479415893555e+00 1.478734493255615234e+00 1.481472969055175781e+00 1.472074985504150391e+00 1.443370223045349121e+00 1.434579730033874512e+00 1.420131325721740723e+00 1.405565142631530762e+00 1.400326013565063477e+00 1.371459603309631348e+00 1.354627728462219238e+00 1.360945582389831543e+00 1.377219200134277344e+00 1.398330688476562500e+00 1.389598608016967773e+00 1.382956981658935547e+00 1.366771817207336426e+00 1.358297586441040039e+00 1.357613801956176758e+00 1.359797239303588867e+00 1.341488718986511230e+00 1.287264227867126465e+00 1.323697805404663086e+00 1.292811512947082520e+00 1.324507355690002441e+00 1.350766062736511230e+00 1.350003480911254883e+00 1.382970690727233887e+00 1.433361053466796875e+00 1.347297072410583496e+00 1.344142436981201172e+00 1.319684147834777832e+00 1.311055064201354980e+00 1.348257303237915039e+00 1.307551980018615723e+00 1.293980240821838379e+00 1.282031059265136719e+00 1.279708147048950195e+00 1.280960083007812500e+00 1.296025872230529785e+00 1.288581967353820801e+00 1.320277571678161621e+00 1.341230392456054688e+00 1.349264025688171387e+00 1.360647797584533691e+00 1.374813437461853027e+00 1.396556138992309570e+00 1.378170967102050781e+00 1.385043740272521973e+00 1.379606008529663086e+00 1.392147302627563477e+00 1.391072034835815430e+00 1.429154396057128906e+00 1.444182395935058594e+00 1.431495070457458496e+00 1.396397829055786133e+00 1.361311674118041992e+00 1.356218218803405762e+00 1.364071011543273926e+00 1.359878182411193848e+00 1.462660789489746094e+00
1.544371604919433594e+00 1.419699311256408691e+00 1.322751402854919434e+00 1.224912762641906738e+00 1.111052036285400391e+00 1.202815890312194824e+00 1.345831632614135742e+00 1.422671318054199219e+00 1.457355141639709473e+00 1.496100544929504395e+00 1.532518863677978516e+00 1.548699855804443359e+00 1.570226311683654785e+00 1.601516485214233398e+00 1.598213434219360352e+00 1.584790945053100586e+00 1.591781258583068848e+00 1.561334252357482910e+00 1.570941686630249023e+00 1.574208021163940430e+00 1.606150031089782715e+00 1.615227580070495605e+00 1.597401022911071777e+00 1.586810588836669922e+00 1.601300954818725586e+00 1.617014884948730469e+00 1.635402917861938477e+00 1.659013390541076660e+00 1.685801506042480469e+00 1.724479198455810547e+00 1.731664419174194336e+00 1.723817586898803711e+00 1.787862300872802734e+00 1.722265839576721191e+00 1.610610723495483398e+00 1.565394520759582520e+00 1.556509137153625488e+00 1.533837199211120605e+00 1.505090594291687012e+00 1.490812301635742188e+00 1.494013190269470215e+00 1.496136188507080078e+00 1.467352509498596191e+00 1.456537246704101562e+00 1.453472256660461426e+00 1.428350687026977539e+00 1.415156483650207520e+00 1.400243282318115234e+00 1.382172107696533203e+00 1.382136583328247070e+00 1.398372769355773926e+00 1.413801550865173340e+00 1.412858724594116211e+00 1.407233834266662598e+00 1.386291503906250000e+00 1.369704008102416992e+00 1.368543386459350586e+00 1.375451207160949707e+00 1.384530425071716309e+00 1.322277188301086426e+00 1.341657161712646484e+00 1.322541952133178711e+00 1.350042819976806641e+00 1.381850600242614746e+00 1.368966579437255859e+00 1.398683667182922363e+00 1.452374696731567383e+00 1.370934009552001953e+00 1.354656219482421875e+00 1.357106804847717285e+00 1.361234188079833984e+00 1.353452444076538086e+00 1.308266997337341309e+00 1.295691847801208496e+00 1.300489902496337891e+00 1.288938522338867188e+00 1.299907207489013672e+00 1.297981142997741699e+00 1.298610210418701172e+00 1.340732574462890625e+00 1.354131340980529785e+00 1.361971378326416016e+00 1.356850266456604004e+00 1.359853267669677734e+00 1.423486948013305664e+00 1.383030414581298828e+00 1.386207222938537598e+00 1.411878108978271484e+00 1.419744849205017090e+00 1.404297947883605957e+00 1.439350366592407227e+00 1.437263488769531250e+00 1.444158315658569336e+00 1.417367339134216309e+00 1.378320097923278809e+00 1.373190045356750488e+00 1.355260133743286133e+00 1.354213356971740723e+00 1.457066178321838379e+00
1.565043807029724121e+00 1.451967954635620117e+00 1.384201288223266602e+00 1.328720450401306152e+00 1.202815890312194824e+00 1.091192364692687988e+00 1.227537870407104492e+00 1.364036798477172852e+00 1.407118797302246094e+00 1.448961973190307617e+00 1.491213440895080566e+00 1.518789649009704590e+00 1.540908455848693848e+00 1.581585645675659180e+00 1.581377387046813965e+00 1.554089188575744629e+00 1.566892027854919434e+00 1.545546054840087891e+00 1.555858492851257324e+00 1.568933844566345215e+00 1.604739546775817871e+00 1.608075022697448730e+00 1.608650326728820801e+00 1.592315912246704102e+00 1.592847108840942383e+00 1.606729269027709961e+00 1.633310556411743164e+00 1.650492429733276367e+00 1.678310990333557129e+00 1.711660265922546387e+00 1.721274375915527344e+00 1.707658529281616211e+00 1.769120335578918457e+00 1.710762262344360352e+00 1.605253815650939941e+00 1.568255782127380371e+00 1.564819097518920898e+00 1.526001095771789551e+00 1.514147758483886719e+00 1.484317541122436523e+00 1.496725440025329590e+00 1.488050103187561035e+00 1.468148589134216309e+00 1.464863777160644531e+00 1.451046705245971680e+00 1.422266125679016113e+00 1.411795020103454590e+00 1.392770886421203613e+00 1.380732059478759766e+00 1.385914444923400879e+00 1.408952832221984863e+00 1.425012111663818359e+00 1.425629258155822754e+00 1.416189551353454590e+00 1.400124311447143555e+00 1.401302576065063477e+00 1.391200661659240723e+00 1.401481389999389648e+00 1.410372376441955566e+00 1.355833530426025391e+00 1.371429324150085449e+00 1.360966801643371582e+00 1.396189332008361816e+00 1.423832774162292480e+00 1.418784260749816895e+00 1.442002177238464355e+00 1.501036524772644043e+00 1.398271441459655762e+00 1.374367713928222656e+00 1.381204128265380859e+00 1.371194362640380859e+00 1.371178030967712402e+00 1.322362422943115234e+00 1.311940550804138184e+00 1.303133249282836914e+00 1.310301303863525391e+00 1.302206873893737793e+00 1.317010998725891113e+00 1.313158273696899414e+00 1.311422824859619141e+00 1.349940061569213867e+00 1.355133652687072754e+00 1.345858216285705566e+00 1.374263167381286621e+00 1.425546407699584961e+00 1.395184636116027832e+00 1.399147748947143555e+00 1.402587652206420898e+00 1.409409284591674805e+00 1.383059024810791016e+00 1.417507886886596680e+00 1.420901894569396973e+00 1.410930752754211426e+00 1.391588568687438965e+00 1.369634151458740234e+00 1.359110713005065918e+00 1.341482877731323242e+00 1.358011722564697266e+00 1.445948481559753418e+00
1.588456988334655762e+00 1.497118115425109863e+00 1.449411392211914062e+00 1.393686175346374512e+00 1.345831632614135742e+00 1.227537870407104492e+00 1.125056624412536621e+00 1.262828230857849121e+00 1.351165413856506348e+00 1.414535045623779297e+00 1.464869499206542969e+00 1.498881697654724121e+00 1.517997145652770996e+00 1.569251060485839844e+00 1.570869445800781250e+00 1.544991612434387207e+00 1.568600773811340332e+00 1.555590867996215820e+00 1.562657833099365234e+00 1.575515270233154297e+00 1.620676636695861816e+00 1.623166918754577637e+00 1.619892597198486328e+00 1.606649041175842285e+00 1.602249383926391602e+00 1.609327912330627441e+00 1.638546586036682129e+00 1.657484173774719238e+00 1.693688392639160156e+00 1.728223919868469238e+00 1.744164943695068359e+00 1.731577157974243164e+00 1.797301888465881348e+00 1.732047438621520996e+00 1.622832179069519043e+00 1.585245609283447266e+00 1.557713508605957031e+00 1.533200144767761230e+00 1.508986353874206543e+00 1.490573048591613770e+00 1.495323777198791504e+00 1.498237252235412598e+00 1.482190966606140137e+00 1.497289180755615234e+00 1.483876109123229980e+00 1.443600416183471680e+00 1.437396883964538574e+00 1.413582563400268555e+00 1.407336115837097168e+00 1.414709568023681641e+00 1.438185930252075195e+00 1.462241172790527344e+00 1.442441582679748535e+00 1.424066305160522461e+00 1.415707588195800781e+00 1.416392326354980469e+00 1.409312248229980469e+00 1.409304380416870117e+00 1.427179455757141113e+00 1.379838228225708008e+00 1.392872691154479980e+00 1.377195715904235840e+00 1.409373641014099121e+00 1.446253657341003418e+00 1.427676796913146973e+00 1.468608021736145020e+00 1.522611498832702637e+00 1.429649949073791504e+00 1.402638077735900879e+00 1.406299233436584473e+00 1.397293686866760254e+00 1.389863133430480957e+00 1.353734731674194336e+00 1.344010710716247559e+00 1.335714101791381836e+00 1.347529292106628418e+00 1.327923536300659180e+00 1.341031908988952637e+00 1.320208668708801270e+00 1.335457205772399902e+00 1.349548101425170898e+00 1.384182572364807129e+00 1.380442142486572266e+00 1.406138777732849121e+00 1.454203963279724121e+00 1.424854159355163574e+00 1.452806234359741211e+00 1.451160669326782227e+00 1.438917636871337891e+00 1.438601970672607422e+00 1.473724365234375000e+00 1.460457086563110352e+00 1.441630721092224121e+00 1.413844704627990723e+00 1.379095315933227539e+00 1.381657242774963379e+00 1.374673724174499512e+00 1.371835827827453613e+00 1.457880735397338867e+00
1.587257385253906250e+00 1.513139843940734863e+00 1.488896965980529785e+00 1.445901513099670410e+00 1.422671318054199219e+00 1.364036798477172852e+00 1.262828230857849121e+00 1.146042585372924805e+00 1.272784590721130371e+00 1.451862215995788574e+00 1.532003760337829590e+00 1.567791104316711426e+00 1.575667619705200195e+00 1.597113609313964844e+00 1.567553877830505371e+00 1.556355357170104980e+00 1.575268745422363281e+00 1.564671277999877930e+00 1.567673802375793457e+00 1.573662161827087402e+00 1.612152695655822754e+00 1.607679367065429688e+00 1.609144687652587891e+00 1.600318908691406250e+00 1.607522010803222656e+00 1.621663689613342285e+00 1.637658715248107910e+00 1.656322240829467773e+00 1.680834054946899414e+00 1.731674551963806152e+00 1.758535265922546387e+00 1.750969886779785156e+00 1.802594423294067383e+00 1.729536771774291992e+00 1.609407186508178711e+00 1.573371887207031250e+00 1.554703950881958008e+00 1.533109068870544434e+00 1.508496046066284180e+00 1.487130880355834961e+00 1.489588141441345215e+00 1.491324424743652344e+00 1.485922455787658691e+00 1.488344192504882812e+00 1.470512390136718750e+00 1.438400745391845703e+00 1.438775897026062012e+00 1.423159241676330566e+00 1.410555601119995117e+00 1.412882089614868164e+00 1.429026961326599121e+00 1.453436255455017090e+00 1.439532756805419922e+00 1.417052984237670898e+00 1.417832970619201660e+00 1.409835815429687500e+00 1.409268736839294434e+00 1.407499194145202637e+00 1.423871040344238281e+00 1.374854087829589844e+00 1.393316149711608887e+00 1.403037309646606445e+00 1.433086872100830078e+00 1.455118536949157715e+00 1.448836803436279297e+00 1.473596811294555664e+00 1.543084621429443359e+00 1.440475583076477051e+00 1.419308423995971680e+00 1.426804542541503906e+00 1.419551730155944824e+00 1.418030381202697754e+00 1.389432072639465332e+00 1.373068451881408691e+00 1.366289138793945312e+00 1.383722543716430664e+00 1.372394084930419922e+00 1.379288196563720703e+00 1.364139556884765625e+00 1.379212021827697754e+00 1.396408081054687500e+00 1.421673297882080078e+00 1.442059755325317383e+00 1.431936502456665039e+00 1.490696191787719727e+00 1.467913746833801270e+00 1.485081672668457031e+00 1.480938553810119629e+00 1.472458600997924805e+00 1.474299430847167969e+00 1.500715613365173340e+00 1.484537720680236816e+00 1.463188767433166504e+00 1.434859514236450195e+00 1.417157292366027832e+00 1.413250088691711426e+00 1.402125000953674316e+00 1.397750735282897949e+00 1.456475377082824707e+00
1.595486998558044434e+00 1.549348592758178711e+00 1.534648418426513672e+00 1.489258050918579102e+00 1.457355141639709473e+00 1.407118797302246094e+00 1.351165413856506348e+00 1.272784590721130371e+00 1.118713378906250000e+00 1.246493577957153320e+00 1.418928265571594238e+00 1.491762280464172363e+00 1.530407667160034180e+00 1.572926640510559082e+00 1.575400829315185547e+00 1.566610336303710938e+00 1.578582048416137695e+00 1.563105940818786621e+00 1.573171257972717285e+00 1.585306763648986816e+00 1.614364504814147949e+00 1.613741517066955566e+00 1.608888387680053711e+00 1.606607556343078613e+00 1.623079180717468262e+00 1.646485328674316406e+00 1.658412098884582520e+00 1.665382862091064453e+00 1.693719029426574707e+00 1.740383625030517578e+00 1.770867705345153809e+00 1.750906586647033691e+00 1.806039094924926758e+00 1.723171472549438477e+00 1.609545588493347168e+00 1.574509143829345703e+00 1.554343342781066895e+00 1.535275340080261230e+00 1.508206129074096680e+00 1.492119669914245605e+00 1.495108008384704590e+00 1.490479707717895508e+00 1.470443606376647949e+00 1.493509650230407715e+00 1.481636762619018555e+00 1.455224514007568359e+00 1.443640232086181641e+00 1.429361820220947266e+00 1.415820837020874023e+00 1.432547211647033691e+00 1.437879323959350586e+00 1.459600567817687988e+00 1.456357240676879883e+00 1.449747562408447266e+00 1.428246974945068359e+00 1.425355195999145508e+00 1.427050948143005371e+00 1.427374601364135742e+00 1.443931102752685547e+00 1.396032691001892090e+00 1.402566552162170410e+00 1.395069003105163574e+00 1.454630136489868164e+00 1.490016579627990723e+00 1.491384029388427734e+00 1.496660113334655762e+00 1.550300240516662598e+00 1.456101655960083008e+00 1.426204562187194824e+00 1.414581775665283203e+00 1.426531195640563965e+00 1.430279493331909180e+00 1.376767635345458984e+00 1.382171630859375000e+00 1.391194701194763184e+00 1.378464221954345703e+00 1.395224452018737793e+00 1.398788690567016602e+00 1.367488741874694824e+00 1.376111268997192383e+00 1.389520406723022461e+00 1.429890632629394531e+00 1.440059423446655273e+00 1.444149136543273926e+00 1.480343937873840332e+00 1.486233949661254883e+00 1.504151105880737305e+00 1.486168980598449707e+00 1.488356709480285645e+00 1.485881567001342773e+00 1.506453871726989746e+00 1.497252345085144043e+00 1.492473483085632324e+00 1.453436255455017090e+00 1.435344219207763672e+00 1.436002254486083984e+00 1.421234846115112305e+00 1.418929219245910645e+00 1.487788558006286621e+00
1.594289779663085938e+00 1.556410908699035645e+00 1.556542754173278809e+00 1.523609399795532227e+00 1.496100544929504395e+00 1.448961973190307617e+00 1.414535045623779297e+00 1.451862215995788574e+00 1.246493577957153320e+00 1.112399578094482422e+00 1.246399044990539551e+00 1.400567412376403809e+00 1.459801077842712402e+00 1.510547399520874023e+00 1.527577996253967285e+00 1.527214884757995605e+00 1.551436781883239746e+00 1.541329622268676758e+00 1.543889760971069336e+00 1.557524323463439941e+00 1.576130628585815430e+00 1.567674398422241211e+00 1.570325136184692383e+00 1.569944620132446289e+00 1.583626627922058105e+00 1.610446095466613770e+00 1.629769325256347656e+00 1.650354385375976562e+00 1.688699960708618164e+00 1.723299503326416016e+00 1.754203200340270996e+00 1.733532786369323730e+00 1.787810444831848145e+00 1.711453795433044434e+00 1.593524217605590820e+00 1.566354751586914062e+00 1.548023700714111328e+00 1.513580203056335449e+00 1.496103286743164062e+00 1.478433251380920410e+00 1.486115932464599609e+00 1.474442839622497559e+00 1.461614370346069336e+00 1.485491752624511719e+00 1.481330633163452148e+00 1.447128534317016602e+00 1.444535732269287109e+00 1.429357647895812988e+00 1.417201638221740723e+00 1.429721236228942871e+00 1.437569379806518555e+00 1.465097904205322266e+00 1.453056931495666504e+00 1.448654174804687500e+00 1.433476328849792480e+00 1.434880375862121582e+00 1.427409768104553223e+00 1.433572173118591309e+00 1.450351476669311523e+00 1.393509387969970703e+00 1.410579323768615723e+00 1.399530887603759766e+00 1.453191637992858887e+00 1.487080335617065430e+00 1.516892194747924805e+00 1.522130966186523438e+00 1.565722823143005371e+00 1.461142301559448242e+00 1.441451072692871094e+00 1.429778456687927246e+00 1.437879204750061035e+00 1.440520286560058594e+00 1.385946869850158691e+00 1.382800459861755371e+00 1.383404612541198730e+00 1.399668335914611816e+00 1.405102133750915527e+00 1.417873024940490723e+00 1.398567199707031250e+00 1.382911205291748047e+00 1.398090124130249023e+00 1.419241666793823242e+00 1.433273434638977051e+00 1.439981102943420410e+00 1.476887106895446777e+00 1.466725349426269531e+00 1.485706925392150879e+00 1.478200554847717285e+00 1.488793015480041504e+00 1.494454741477966309e+00 1.531606197357177734e+00 1.528447747230529785e+00 1.527801036834716797e+00 1.480340838432312012e+00 1.454436302185058594e+00 1.446571111679077148e+00 1.425214886665344238e+00 1.434744119644165039e+00 1.494306087493896484e+00
1.607447028160095215e+00 1.573229074478149414e+00 1.573924422264099121e+00 1.553713798522949219e+00 1.532518863677978516e+00 1.491213440895080566e+00 1.464869499206542969e+00 1.532003760337829590e+00 1.418928265571594238e+00 1.246399044990539551e+00 1.128398776054382324e+00 1.248571634292602539e+00 1.402922987937927246e+00 1.482404112815856934e+00 1.509583950042724609e+00 1.515463948249816895e+00 1.545379877090454102e+00 1.535945773124694824e+00 1.540473580360412598e+00 1.550157546997070312e+00 1.569345831871032715e+00 1.559527158737182617e+00 1.570482134819030762e+00 1.565808415412902832e+00 1.584424614906311035e+00 1.597969174385070801e+00 1.617565274238586426e+00 1.641242504119873047e+00 1.674768567085266113e+00 1.719809412956237793e+00 1.741202473640441895e+00 1.727652072906494141e+00 1.788630843162536621e+00 1.708986878395080566e+00 1.589193940162658691e+00 1.562617421150207520e+00 1.545058131217956543e+00 1.519570708274841309e+00 1.505710482597351074e+00 1.484666943550109863e+00 1.492965459823608398e+00 1.475908994674682617e+00 1.471996307373046875e+00 1.492429614067077637e+00 1.489573955535888672e+00 1.468080401420593262e+00 1.454660177230834961e+00 1.438176989555358887e+00 1.434652805328369141e+00 1.451636314392089844e+00 1.456797957420349121e+00 1.472455859184265137e+00 1.458703875541687012e+00 1.461094260215759277e+00 1.445363402366638184e+00 1.442045211791992188e+00 1.443305253982543945e+00 1.444524526596069336e+00 1.453519821166992188e+00 1.406886458396911621e+00 1.424836516380310059e+00 1.420474410057067871e+00 1.466374278068542480e+00 1.497875928878784180e+00 1.504142522811889648e+00 1.513942956924438477e+00 1.573790788650512695e+00 1.471246600151062012e+00 1.441893100738525391e+00 1.453127503395080566e+00 1.431436777114868164e+00 1.440718650817871094e+00 1.393394827842712402e+00 1.386405706405639648e+00 1.388282299041748047e+00 1.400370836257934570e+00 1.411644935607910156e+00 1.416129827499389648e+00 1.396222472190856934e+00 1.394566535949707031e+00 1.402774453163146973e+00 1.405368924140930176e+00 1.418447256088256836e+00 1.438791871070861816e+00 1.488101959228515625e+00 1.480044841766357422e+00 1.501657366752624512e+00 1.492573022842407227e+00 1.493087649345397949e+00 1.478832244873046875e+00 1.526827096939086914e+00 1.519973754882812500e+00 1.533344864845275879e+00 1.490241765975952148e+00 1.464819908142089844e+00 1.467331647872924805e+00 1.432144999504089355e+00 1.441258668899536133e+00 1.496866226196289062e+00
1.620754003524780273e+00 1.576735615730285645e+00 1.583283066749572754e+00 1.559031248092651367e+00 1.548699855804443359e+00 1.518789649009704590e+00 1.498881697654724121e+00 1.567791104316711426e+00 1.491762280464172363e+00 1.400567412376403809e+00 1.248571634292602539e+00 1.116348266601562500e+00 1.241809248924255371e+00 1.421305537223815918e+00 1.479544639587402344e+00 1.490231752395629883e+00 1.523665070533752441e+00 1.523891329765319824e+00 1.532701134681701660e+00 1.550468802452087402e+00 1.576927185058593750e+00 1.570684313774108887e+00 1.572701573371887207e+00 1.570645928382873535e+00 1.580431342124938965e+00 1.593761801719665527e+00 1.612101197242736816e+00 1.638359785079956055e+00 1.666785597801208496e+00 1.705487608909606934e+00 1.728879570960998535e+00 1.723022103309631348e+00 1.787826538085937500e+00 1.706670403480529785e+00 1.591333508491516113e+00 1.563487291336059570e+00 1.542789816856384277e+00 1.520520448684692383e+00 1.512426257133483887e+00 1.488327860832214355e+00 1.501162767410278320e+00 1.494530797004699707e+00 1.471005439758300781e+00 1.502356410026550293e+00 1.496174812316894531e+00 1.466306805610656738e+00 1.459610581398010254e+00 1.456272006034851074e+00 1.461517572402954102e+00 1.468794465065002441e+00 1.471571445465087891e+00 1.476576566696166992e+00 1.472831726074218750e+00 1.472148299217224121e+00 1.457540392875671387e+00 1.456934690475463867e+00 1.459735155105590820e+00 1.456524968147277832e+00 1.461164236068725586e+00 1.422059655189514160e+00 1.440319538116455078e+00 1.434801816940307617e+00 1.478048324584960938e+00 1.509147286415100098e+00 1.519028186798095703e+00 1.537725210189819336e+00 1.594028949737548828e+00 1.499814748764038086e+00 1.463231682777404785e+00 1.458165287971496582e+00 1.456996798515319824e+00 1.465113639831542969e+00 1.407155871391296387e+00 1.417193651199340820e+00 1.407381892204284668e+00 1.418026447296142578e+00 1.428723812103271484e+00 1.415621399879455566e+00 1.394489407539367676e+00 1.397569656372070312e+00 1.410760283470153809e+00 1.409603476524353027e+00 1.416180849075317383e+00 1.430602431297302246e+00 1.480464577674865723e+00 1.468734025955200195e+00 1.483468413352966309e+00 1.483488440513610840e+00 1.494082927703857422e+00 1.500535368919372559e+00 1.539326310157775879e+00 1.543334364891052246e+00 1.542223930358886719e+00 1.487044692039489746e+00 1.467826604843139648e+00 1.459012150764465332e+00 1.434458613395690918e+00 1.437588691711425781e+00 1.486345648765563965e+00
1.625029683113098145e+00 1.580935239791870117e+00 1.592948555946350098e+00 1.571680068969726562e+00 1.570226311683654785e+00 1.540908455848693848e+00 1.517997145652770996e+00 1.575667619705200195e+00 1.530407667160034180e+00 1.459801077842712402e+00 1.402922987937927246e+00 1.241809248924255371e+00 1.117840290069580078e+00 1.266186118125915527e+00 1.416965484619140625e+00 1.445404887199401855e+00 1.491988778114318848e+00 1.504993319511413574e+00 1.517549872398376465e+00 1.549303650856018066e+00 1.565981864929199219e+00 1.567464232444763184e+00 1.574362993240356445e+00 1.568372726440429688e+00 1.582427144050598145e+00 1.595142126083374023e+00 1.614700913429260254e+00 1.644745230674743652e+00 1.671979188919067383e+00 1.707066178321838379e+00 1.726675987243652344e+00 1.726789712905883789e+00 1.790917634963989258e+00 1.710440397262573242e+00 1.597481608390808105e+00 1.576255559921264648e+00 1.558913111686706543e+00 1.532650113105773926e+00 1.518627405166625977e+00 1.498250603675842285e+00 1.519658207893371582e+00 1.503976106643676758e+00 1.485540747642517090e+00 1.513455986976623535e+00 1.511788964271545410e+00 1.483796000480651855e+00 1.483061790466308594e+00 1.476458430290222168e+00 1.470538735389709473e+00 1.484476089477539062e+00 1.481554269790649414e+00 1.486046195030212402e+00 1.491515159606933594e+00 1.476572155952453613e+00 1.463627815246582031e+00 1.472077846527099609e+00 1.466037154197692871e+00 1.486193418502807617e+00 1.494639396667480469e+00 1.444058060646057129e+00 1.461627364158630371e+00 1.461338877677917480e+00 1.516190886497497559e+00 1.541245102882385254e+00 1.538978934288024902e+00 1.559587597846984863e+00 1.617357850074768066e+00 1.520522356033325195e+00 1.482522487640380859e+00 1.488116145133972168e+00 1.486173629760742188e+00 1.488982439041137695e+00 1.446900606155395508e+00 1.442788243293762207e+00 1.437143921852111816e+00 1.434829235076904297e+00 1.425959706306457520e+00 1.420929551124572754e+00 1.421247839927673340e+00 1.439413070678710938e+00 1.456451416015625000e+00 1.446003317832946777e+00 1.462846875190734863e+00 1.453674912452697754e+00 1.500621676445007324e+00 1.487067341804504395e+00 1.499886155128479004e+00 1.505136013031005859e+00 1.520046830177307129e+00 1.518361330032348633e+00 1.572822093963623047e+00 1.562696695327758789e+00 1.557275891304016113e+00 1.504022359848022461e+00 1.489436626434326172e+00 1.468639254570007324e+00 1.463257789611816406e+00 1.456337213516235352e+00 1.497199535369873047e+00
1.638553380966186523e+00 1.607349753379821777e+00 1.614179849624633789e+00 1.599036097526550293e+00 1.601516485214233398e+00 1.581585645675659180e+00 1.569251060485839844e+00 1.597113609313964844e+00 1.572926640510559082e+00 1.510547399520874023e+00 1.482404112815856934e+00 1.421305537223815918e+00 1.266186118125915527e+00 1.130838155746459961e+00 1.247672915458679199e+00 1.354025602340698242e+00 1.434909462928771973e+00 1.470389485359191895e+00 1.491731643676757812e+00 1.531397104263305664e+00 1.555071473121643066e+00 1.551484704017639160e+00 1.571741223335266113e+00 1.574837923049926758e+00 1.597082495689392090e+00 1.618631362915039062e+00 1.636650323867797852e+00 1.669464468955993652e+00 1.692277312278747559e+00 1.732421278953552246e+00 1.742092370986938477e+00 1.738660693168640137e+00 1.788139581680297852e+00 1.708075881004333496e+00 1.605449318885803223e+00 1.578681230545043945e+00 1.560746192932128906e+00 1.522162795066833496e+00 1.507832527160644531e+00 1.488176226615905762e+00 1.501297473907470703e+00 1.499222874641418457e+00 1.491186141967773438e+00 1.513278365135192871e+00 1.505462884902954102e+00 1.499198913574218750e+00 1.499406456947326660e+00 1.478619217872619629e+00 1.484201431274414062e+00 1.503618121147155762e+00 1.497300624847412109e+00 1.504409551620483398e+00 1.501692295074462891e+00 1.504609942436218262e+00 1.489718794822692871e+00 1.490998744964599609e+00 1.483528971672058105e+00 1.496448636054992676e+00 1.508738160133361816e+00 1.466107845306396484e+00 1.475085020065307617e+00 1.483794689178466797e+00 1.546502232551574707e+00 1.569727420806884766e+00 1.555682897567749023e+00 1.581697463989257812e+00 1.649286508560180664e+00 1.538655519485473633e+00 1.517168879508972168e+00 1.501941084861755371e+00 1.504620313644409180e+00 1.515697240829467773e+00 1.488286375999450684e+00 1.474966406822204590e+00 1.460606694221496582e+00 1.442732453346252441e+00 1.434585690498352051e+00 1.426737427711486816e+00 1.425978302955627441e+00 1.450039029121398926e+00 1.460378766059875488e+00 1.470124840736389160e+00 1.474398970603942871e+00 1.473920702934265137e+00 1.521171927452087402e+00 1.499031543731689453e+00 1.504936099052429199e+00 1.500461339950561523e+00 1.521999239921569824e+00 1.536580562591552734e+00 1.600393772125244141e+00 1.583589196205139160e+00 1.567968487739562988e+00 1.518513917922973633e+00 1.511148571968078613e+00 1.486379861831665039e+00 1.459016919136047363e+00 1.476354360580444336e+00 1.531096816062927246e+00
1.640728235244750977e+00 1.604837059974670410e+00 1.617461681365966797e+00 1.596795797348022461e+00 1.598213434219360352e+00 1.581377387046813965e+00 1.570869445800781250e+00 1.567553877830505371e+00 1.575400829315185547e+00 1.527577996253967285e+00 1.509583950042724609e+00 1.479544639587402344e+00 1.416965484619140625e+00 1.247672915458679199e+00 1.109039425849914551e+00 1.194243550300598145e+00 1.354894399642944336e+00 1.415224909782409668e+00 1.440858006477355957e+00 1.494381070137023926e+00 1.535602092742919922e+00 1.544908165931701660e+00 1.565756797790527344e+00 1.583122730255126953e+00 1.609844803810119629e+00 1.639936685562133789e+00 1.661586523056030273e+00 1.684928774833679199e+00 1.714815258979797363e+00 1.748011946678161621e+00 1.764371275901794434e+00 1.756378889083862305e+00 1.811192393302917480e+00 1.728032112121582031e+00 1.614251136779785156e+00 1.582891225814819336e+00 1.561769127845764160e+00 1.514756083488464355e+00 1.503373980522155762e+00 1.483824968338012695e+00 1.496084809303283691e+00 1.499511718750000000e+00 1.488334536552429199e+00 1.509541988372802734e+00 1.498205304145812988e+00 1.494081974029541016e+00 1.500452518463134766e+00 1.484886169433593750e+00 1.484569311141967773e+00 1.495485901832580566e+00 1.507143616676330566e+00 1.512887954711914062e+00 1.506427884101867676e+00 1.506532788276672363e+00 1.500568509101867676e+00 1.508500456809997559e+00 1.502682447433471680e+00 1.512304663658142090e+00 1.517565131187438965e+00 1.477689504623413086e+00 1.487069368362426758e+00 1.487082242965698242e+00 1.546055793762207031e+00 1.574336051940917969e+00 1.559401392936706543e+00 1.592618465423583984e+00 1.649089574813842773e+00 1.541422247886657715e+00 1.528686642646789551e+00 1.516720652580261230e+00 1.507936000823974609e+00 1.529028654098510742e+00 1.477712750434875488e+00 1.479971766471862793e+00 1.466282725334167480e+00 1.443360686302185059e+00 1.445436477661132812e+00 1.432130217552185059e+00 1.421290278434753418e+00 1.443596959114074707e+00 1.449782490730285645e+00 1.461296558380126953e+00 1.481191277503967285e+00 1.485721111297607422e+00 1.530220389366149902e+00 1.508076310157775879e+00 1.520599126815795898e+00 1.510278701782226562e+00 1.526663899421691895e+00 1.549780011177062988e+00 1.572790026664733887e+00 1.584125161170959473e+00 1.557758927345275879e+00 1.520267963409423828e+00 1.502729177474975586e+00 1.494138836860656738e+00 1.479294776916503906e+00 1.487220048904418945e+00 1.539853930473327637e+00
1.617687225341796875e+00 1.584763050079345703e+00 1.599694728851318359e+00 1.582644343376159668e+00 1.584790945053100586e+00 1.554089188575744629e+00 1.544991612434387207e+00 1.556355357170104980e+00 1.566610336303710938e+00 1.527214884757995605e+00 1.515463948249816895e+00 1.490231752395629883e+00 1.445404887199401855e+00 1.354025602340698242e+00 1.194243550300598145e+00 1.106941223144531250e+00 1.250848054885864258e+00 1.367918252944946289e+00 1.401258587837219238e+00 1.465872645378112793e+00 1.524353027343750000e+00 1.550723314285278320e+00 1.572278261184692383e+00 1.599562764167785645e+00 1.630043148994445801e+00 1.662300825119018555e+00 1.679136753082275391e+00 1.704698681831359863e+00 1.715043306350708008e+00 1.737124800682067871e+00 1.755731344223022461e+00 1.738837480545043945e+00 1.802184104919433594e+00 1.727693915367126465e+00 1.609630703926086426e+00 1.576267004013061523e+00 1.535598278045654297e+00 1.479807376861572266e+00 1.466971755027770996e+00 1.447381615638732910e+00 1.456991314888000488e+00 1.464575529098510742e+00 1.454526066780090332e+00 1.465336561203002930e+00 1.460708141326904297e+00 1.456840991973876953e+00 1.467089891433715820e+00 1.463182926177978516e+00 1.468254327774047852e+00 1.473418831825256348e+00 1.482981562614440918e+00 1.499459505081176758e+00 1.489620685577392578e+00 1.487076282501220703e+00 1.465951442718505859e+00 1.476409435272216797e+00 1.471328973770141602e+00 1.482984781265258789e+00 1.498936295509338379e+00 1.456219196319580078e+00 1.464793920516967773e+00 1.451675057411193848e+00 1.498850822448730469e+00 1.528767466545104980e+00 1.536957144737243652e+00 1.568528294563293457e+00 1.619930148124694824e+00 1.515381336212158203e+00 1.492783904075622559e+00 1.505686521530151367e+00 1.489604115486145020e+00 1.496401786804199219e+00 1.449922204017639160e+00 1.440169811248779297e+00 1.436664104461669922e+00 1.425093650817871094e+00 1.417430639266967773e+00 1.410033226013183594e+00 1.393075108528137207e+00 1.413156747817993164e+00 1.424156188964843750e+00 1.457689642906188965e+00 1.473877429962158203e+00 1.470485448837280273e+00 1.519089937210083008e+00 1.500291228294372559e+00 1.506852507591247559e+00 1.503472328186035156e+00 1.520593643188476562e+00 1.511093139648437500e+00 1.545020341873168945e+00 1.554486989974975586e+00 1.533352136611938477e+00 1.491389393806457520e+00 1.476434350013732910e+00 1.486506700515747070e+00 1.467651486396789551e+00 1.464573383331298828e+00 1.531150102615356445e+00
