1.049144506454467773e+00 1.052376747131347656e+00 1.053773403167724609e+00 1.053417563438415527e+00 1.050644993782043457e+00 1.046844244003295898e+00 1.041949629783630371e+00 1.034811973571777344e+00 1.031763195991516113e+00 1.026495099067687988e+00 1.024728059768676758e+00 1.022248744964599609e+00 1.018597364425659180e+00 1.013904452323913574e+00 1.014815568923950195e+00 1.015314936637878418e+00 1.013493895530700684e+00 1.013581514358520508e+00 1.009918451309204102e+00 1.009856581687927246e+00 1.008321046829223633e+00 1.009361624717712402e+00 1.008939504623413086e+00 1.008833289146423340e+00 1.010409474372863770e+00 1.018381237983703613e+00 1.021384239196777344e+00 1.020100712776184082e+00 1.016780972480773926e+00 1.014427781105041504e+00 1.012177705764770508e+00 1.010222315788269043e+00 1.008921742439270020e+00 9.992956519126892090e-01 9.850640892982482910e-01 9.781157970428466797e-01 9.768981933593750000e-01 9.699222445487976074e-01 9.622316360473632812e-01 9.554269313812255859e-01 9.516842365264892578e-01 9.497786164283752441e-01 9.513095021247863770e-01 9.456414580345153809e-01 9.439015388488769531e-01 9.402297735214233398e-01 9.376664757728576660e-01 9.349761605262756348e-01 9.335536360740661621e-01 9.326747059822082520e-01 9.304748177528381348e-01 9.304919838905334473e-01 9.303506016731262207e-01 9.349666237831115723e-01 9.344025850296020508e-01 9.394953250885009766e-01 9.402147531509399414e-01 9.408401846885681152e-01 9.390026330947875977e-01 9.426012635231018066e-01 9.434881210327148438e-01 9.480911493301391602e-01 9.524888396263122559e-01 9.566016197204589844e-01 9.589437842369079590e-01 9.583758711814880371e-01 9.589665532112121582e-01 9.581518173217773438e-01 9.560995101928710938e-01 9.483998417854309082e-01 9.451232552528381348e-01 9.404932856559753418e-01 9.389263391494750977e-01 9.393382668495178223e-01 9.397794008255004883e-01 9.373531937599182129e-01 9.340775012969970703e-01 9.302722215652465820e-01 9.307073950767517090e-01 9.306493997573852539e-01 9.341109395027160645e-01 9.351136088371276855e-01 9.332782626152038574e-01 9.264793395996093750e-01 9.239344000816345215e-01 9.220780730247497559e-01 9.240702986717224121e-01 9.202330708503723145e-01 9.166661500930786133e-01 9.121465682983398438e-01 9.085774421691894531e-01 9.090363383293151855e-01 9.112421274185180664e-01 9.100178480148315430e-01 9.126574397087097168e-01 9.151172637939453125e-01 9.128242731094360352e-01 9.143298268318176270e-01 9.171326160430908203e-01
1.052376747131347656e+00 1.041118383407592773e+00 1.052893161773681641e+00 1.053509235382080078e+00 1.047340035438537598e+00 1.044049978256225586e+00 1.039945125579833984e+00 1.034877896308898926e+00 1.032400131225585938e+00 1.027296423912048340e+00 1.025743842124938965e+00 1.024818301200866699e+00 1.022623062133789062e+00 1.017587065696716309e+00 1.017797470092773438e+00 1.018609523773193359e+00 1.016191840171813965e+00 1.014365673065185547e+00 1.010269522666931152e+00 1.009962677955627441e+00 1.010257720947265625e+00 1.010069727897644043e+00 1.009587287902832031e+00 1.010263442993164062e+00 1.012102603912353516e+00 1.013890624046325684e+00 1.017764091491699219e+00 1.015170574188232422e+00 1.011490821838378906e+00 1.009973645210266113e+00 1.008858799934387207e+00 1.005901217460632324e+00 1.002473235130310059e+00 9.917549490928649902e-01 9.776576161384582520e-01 9.709814190864562988e-01 9.685159325599670410e-01 9.638017416000366211e-01 9.586876034736633301e-01 9.507268071174621582e-01 9.480290412902832031e-01 9.476174712181091309e-01 9.456703662872314453e-01 9.408237934112548828e-01 9.401299953460693359e-01 9.370666742324829102e-01 9.352533221244812012e-01 9.342405200004577637e-01 9.321011304855346680e-01 9.291254878044128418e-01 9.301704168319702148e-01 9.281599521636962891e-01 9.271528720855712891e-01 9.295763969421386719e-01 9.299362301826477051e-01 9.353857636451721191e-01 9.343152642250061035e-01 9.346208572387695312e-01 9.346752762794494629e-01 9.370521306991577148e-01 9.378196001052856445e-01 9.411262273788452148e-01 9.449055790901184082e-01 9.475646615028381348e-01 9.496608376502990723e-01 9.520505666732788086e-01 9.551060199737548828e-01 9.541394710540771484e-01 9.516330957412719727e-01 9.445243477821350098e-01 9.406721591949462891e-01 9.394156336784362793e-01 9.375690817832946777e-01 9.360805153846740723e-01 9.352618455886840820e-01 9.337757229804992676e-01 9.307398200035095215e-01 9.295312762260437012e-01 9.288371801376342773e-01 9.256736040115356445e-01 9.270638823509216309e-01 9.318085312843322754e-01 9.292026758193969727e-01 9.217259883880615234e-01 9.168223738670349121e-01 9.174885749816894531e-01 9.173552393913269043e-01 9.142642021179199219e-01 9.115384221076965332e-01 9.089514613151550293e-01 9.065772294998168945e-01 9.058064222335815430e-01 9.072988629341125488e-01 9.073651432991027832e-01 9.103329777717590332e-01 9.096909165382385254e-01 9.091485142707824707e-01 9.106151461601257324e-01 9.126731753349304199e-01
1.053773403167724609e+00 1.052893161773681641e+00 1.051546335220336914e+00 1.052990794181823730e+00 1.044436454772949219e+00 1.041075944900512695e+00 1.039493680000305176e+00 1.034103393554687500e+00 1.032618284225463867e+00 1.029400110244750977e+00 1.028264641761779785e+00 1.028390169143676758e+00 1.025128602981567383e+00 1.021266460418701172e+00 1.021121382713317871e+00 1.020801544189453125e+00 1.018353343009948730e+00 1.016222357749938965e+00 1.011470437049865723e+00 1.011032581329345703e+00 1.011715769767761230e+00 1.011335015296936035e+00 1.010427355766296387e+00 1.011512875556945801e+00 1.012314200401306152e+00 1.013956189155578613e+00 1.017366528511047363e+00 1.013295292854309082e+00 1.010328292846679688e+00 1.011470437049865723e+00 1.009565830230712891e+00 1.006719231605529785e+00 1.002126455307006836e+00 9.928462505340576172e-01 9.778327345848083496e-01 9.703411459922790527e-01 9.686879515647888184e-01 9.643244147300720215e-01 9.596305489540100098e-01 9.520794153213500977e-01 9.486169219017028809e-01 9.466404914855957031e-01 9.448757767677307129e-01 9.396300315856933594e-01 9.402616024017333984e-01 9.383543729782104492e-01 9.364817738533020020e-01 9.342727661132812500e-01 9.319969415664672852e-01 9.316698312759399414e-01 9.322191476821899414e-01 9.313033223152160645e-01 9.289773702621459961e-01 9.307464361190795898e-01 9.306945204734802246e-01 9.352053403854370117e-01 9.364159107208251953e-01 9.360513687133789062e-01 9.354624748229980469e-01 9.346971511840820312e-01 9.385429620742797852e-01 9.406672120094299316e-01 9.448457956314086914e-01 9.472434520721435547e-01 9.500784873962402344e-01 9.544198513031005859e-01 9.568048715591430664e-01 9.561542868614196777e-01 9.545163512229919434e-01 9.458601474761962891e-01 9.406920075416564941e-01 9.390435218811035156e-01 9.378846287727355957e-01 9.363005757331848145e-01 9.349261522293090820e-01 9.347513318061828613e-01 9.335251450538635254e-01 9.291912913322448730e-01 9.287014007568359375e-01 9.254094958305358887e-01 9.267387986183166504e-01 9.302443265914916992e-01 9.251399636268615723e-01 9.184396266937255859e-01 9.174193143844604492e-01 9.149741530418395996e-01 9.142845869064331055e-01 9.141783714294433594e-01 9.102680683135986328e-01 9.078962802886962891e-01 9.075086116790771484e-01 9.065266251564025879e-01 9.095903635025024414e-01 9.087947010993957520e-01 9.089899063110351562e-01 9.083902835845947266e-01 9.060462117195129395e-01 9.069200754165649414e-01 9.118549227714538574e-01
1.053417563438415527e+00 1.053509235382080078e+00 1.052990794181823730e+00 1.042110562324523926e+00 1.041194081306457520e+00 1.042097449302673340e+00 1.040041208267211914e+00 1.034463286399841309e+00 1.032819986343383789e+00 1.031239271163940430e+00 1.030853152275085449e+00 1.030759334564208984e+00 1.027184844017028809e+00 1.023618578910827637e+00 1.024027943611145020e+00 1.022774696350097656e+00 1.020506978034973145e+00 1.016656279563903809e+00 1.012077808380126953e+00 1.012196540832519531e+00 1.012539982795715332e+00 1.012977004051208496e+00 1.011498928070068359e+00 1.012724280357360840e+00 1.012223005294799805e+00 1.013895273208618164e+00 1.015452146530151367e+00 1.012383818626403809e+00 1.009827136993408203e+00 1.011190891265869141e+00 1.010341048240661621e+00 1.005619287490844727e+00 1.001510262489318848e+00 9.924163222312927246e-01 9.757404327392578125e-01 9.683389663696289062e-01 9.663766622543334961e-01 9.632346630096435547e-01 9.591125249862670898e-01 9.522216320037841797e-01 9.494155049324035645e-01 9.459119439125061035e-01 9.421368837356567383e-01 9.391121268272399902e-01 9.406008720397949219e-01 9.379355311393737793e-01 9.353003501892089844e-01 9.317716360092163086e-01 9.308984875679016113e-01 9.316436648368835449e-01 9.318512678146362305e-01 9.317461848258972168e-01 9.309072494506835938e-01 9.316539168357849121e-01 9.281691312789916992e-01 9.344491958618164062e-01 9.360435009002685547e-01 9.363777637481689453e-01 9.356476068496704102e-01 9.356131553649902344e-01 9.390431642532348633e-01 9.407035708427429199e-01 9.440082311630249023e-01 9.471052289009094238e-01 9.517648220062255859e-01 9.577967524528503418e-01 9.598488807678222656e-01 9.581809639930725098e-01 9.561518430709838867e-01 9.486960172653198242e-01 9.437945485115051270e-01 9.398171305656433105e-01 9.368689060211181641e-01 9.350404143333435059e-01 9.336398243904113770e-01 9.346035718917846680e-01 9.326385855674743652e-01 9.273825883865356445e-01 9.287800192832946777e-01 9.280310273170471191e-01 9.279522895812988281e-01 9.273266196250915527e-01 9.217801094055175781e-01 9.167762398719787598e-01 9.159973263740539551e-01 9.131362438201904297e-01 9.137123227119445801e-01 9.135345220565795898e-01 9.113646149635314941e-01 9.089604616165161133e-01 9.077200293540954590e-01 9.075199365615844727e-01 9.103802442550659180e-01 9.121794700622558594e-01 9.125897884368896484e-01 9.102334380149841309e-01 9.056463837623596191e-01 9.053906798362731934e-01 9.104040861129760742e-01
1.050644993782043457e+00 1.047340035438537598e+00 1.044436454772949219e+00 1.041194081306457520e+00 1.038853526115417480e+00 1.041339159011840820e+00 1.041446208953857422e+00 1.037421941757202148e+00 1.035256505012512207e+00 1.034260988235473633e+00 1.034469485282897949e+00 1.033178806304931641e+00 1.029159307479858398e+00 1.025521278381347656e+00 1.025443792343139648e+00 1.026081562042236328e+00 1.021190166473388672e+00 1.018555164337158203e+00 1.014385342597961426e+00 1.015988945960998535e+00 1.017312049865722656e+00 1.017289280891418457e+00 1.015364170074462891e+00 1.015114307403564453e+00 1.015619039535522461e+00 1.017424821853637695e+00 1.020029902458190918e+00 1.014820814132690430e+00 1.010653972625732422e+00 1.012387990951538086e+00 1.011367201805114746e+00 1.007752776145935059e+00 1.005024313926696777e+00 9.944053888320922852e-01 9.783028960227966309e-01 9.705785512924194336e-01 9.687918424606323242e-01 9.661142230033874512e-01 9.619266390800476074e-01 9.541426897048950195e-01 9.510012269020080566e-01 9.475358724594116211e-01 9.452897310256958008e-01 9.431391358375549316e-01 9.426073431968688965e-01 9.396367669105529785e-01 9.391532540321350098e-01 9.351170063018798828e-01 9.338162541389465332e-01 9.333512187004089355e-01 9.313668608665466309e-01 9.319974780082702637e-01 9.345653057098388672e-01 9.352535605430603027e-01 9.291591048240661621e-01 9.335520267486572266e-01 9.351084232330322266e-01 9.359664320945739746e-01 9.382612109184265137e-01 9.381018877029418945e-01 9.420427083969116211e-01 9.461267590522766113e-01 9.499233961105346680e-01 9.496387839317321777e-01 9.551808238029479980e-01 9.632124900817871094e-01 9.662211537361145020e-01 9.626704454421997070e-01 9.611941576004028320e-01 9.537401199340820312e-01 9.486131668090820312e-01 9.459081888198852539e-01 9.409145712852478027e-01 9.371064305305480957e-01 9.356363415718078613e-01 9.351165294647216797e-01 9.332101941108703613e-01 9.291009306907653809e-01 9.307911396026611328e-01 9.289643168449401855e-01 9.284437298774719238e-01 9.265968799591064453e-01 9.216316938400268555e-01 9.170023798942565918e-01 9.165365099906921387e-01 9.139024019241333008e-01 9.161999821662902832e-01 9.163643121719360352e-01 9.133431315422058105e-01 9.110792875289916992e-01 9.094831943511962891e-01 9.109804630279541016e-01 9.127478599548339844e-01 9.143233895301818848e-01 9.159222245216369629e-01 9.133923649787902832e-01 9.081227183341979980e-01 9.093132615089416504e-01 9.097350835800170898e-01
1.046844244003295898e+00 1.044049978256225586e+00 1.041075944900512695e+00 1.042097449302673340e+00 1.041339159011840820e+00 1.035723209381103516e+00 1.043347954750061035e+00 1.036958813667297363e+00 1.033367633819580078e+00 1.032433867454528809e+00 1.033192396163940430e+00 1.032238125801086426e+00 1.027471065521240234e+00 1.024279236793518066e+00 1.023761034011840820e+00 1.024748444557189941e+00 1.020818948745727539e+00 1.017069697380065918e+00 1.013187050819396973e+00 1.014728784561157227e+00 1.015616655349731445e+00 1.015601277351379395e+00 1.013376355171203613e+00 1.013437032699584961e+00 1.014630794525146484e+00 1.017549872398376465e+00 1.017737865447998047e+00 1.013087153434753418e+00 1.008305788040161133e+00 1.008795261383056641e+00 1.008525252342224121e+00 1.006106376647949219e+00 1.002721786499023438e+00 9.900799989700317383e-01 9.745487570762634277e-01 9.695112109184265137e-01 9.672176837921142578e-01 9.636771082878112793e-01 9.584940075874328613e-01 9.498072266578674316e-01 9.475075602531433105e-01 9.433612227439880371e-01 9.413963556289672852e-01 9.395550489425659180e-01 9.391007423400878906e-01 9.380445480346679688e-01 9.371915459632873535e-01 9.355108737945556641e-01 9.317421317100524902e-01 9.307180643081665039e-01 9.289712905883789062e-01 9.292571544647216797e-01 9.322137236595153809e-01 9.330359697341918945e-01 9.272857308387756348e-01 9.292172789573669434e-01 9.306240677833557129e-01 9.335662722587585449e-01 9.367949962615966797e-01 9.354924559593200684e-01 9.397734999656677246e-01 9.433982372283935547e-01 9.479231238365173340e-01 9.504191279411315918e-01 9.557775259017944336e-01 9.641453623771667480e-01 9.671377539634704590e-01 9.629613161087036133e-01 9.597465395927429199e-01 9.535892605781555176e-01 9.486452937126159668e-01 9.469767212867736816e-01 9.401518106460571289e-01 9.361786842346191406e-01 9.347633719444274902e-01 9.338326454162597656e-01 9.312911033630371094e-01 9.283436536788940430e-01 9.288014769554138184e-01 9.267928600311279297e-01 9.266096353530883789e-01 9.254867434501647949e-01 9.231079220771789551e-01 9.149445295333862305e-01 9.152132868766784668e-01 9.155278801918029785e-01 9.154972434043884277e-01 9.141746759414672852e-01 9.095203280448913574e-01 9.073426723480224609e-01 9.084298014640808105e-01 9.116525650024414062e-01 9.148604869842529297e-01 9.146940708160400391e-01 9.172337055206298828e-01 9.157505631446838379e-01 9.095989465713500977e-01 9.084938168525695801e-01 9.085482954978942871e-01
1.041949629783630371e+00 1.039945125579833984e+00 1.039493680000305176e+00 1.040041208267211914e+00 1.041446208953857422e+00 1.043347954750061035e+00 1.042226433753967285e+00 1.035250067710876465e+00 1.032371401786804199e+00 1.033414006233215332e+00 1.033326387405395508e+00 1.032828092575073242e+00 1.030149936676025391e+00 1.026926994323730469e+00 1.026192426681518555e+00 1.025605201721191406e+00 1.021182537078857422e+00 1.018903732299804688e+00 1.014019727706909180e+00 1.015039324760437012e+00 1.014858007431030273e+00 1.014181733131408691e+00 1.012538552284240723e+00 1.012900352478027344e+00 1.013996124267578125e+00 1.016670942306518555e+00 1.016795992851257324e+00 1.013797640800476074e+00 1.010309815406799316e+00 1.009820818901062012e+00 1.008090853691101074e+00 1.005985856056213379e+00 1.002156972885131836e+00 9.906976819038391113e-01 9.750441312789916992e-01 9.690560698509216309e-01 9.662758111953735352e-01 9.618640542030334473e-01 9.565646052360534668e-01 9.483877420425415039e-01 9.460597634315490723e-01 9.404401183128356934e-01 9.394406080245971680e-01 9.383047223091125488e-01 9.360802173614501953e-01 9.339148402214050293e-01 9.332769513130187988e-01 9.351356625556945801e-01 9.300450682640075684e-01 9.294240474700927734e-01 9.293125271797180176e-01 9.300483465194702148e-01 9.320648908615112305e-01 9.325805306434631348e-01 9.287792444229125977e-01 9.312393665313720703e-01 9.313824772834777832e-01 9.350699782371520996e-01 9.362356662750244141e-01 9.368708729743957520e-01 9.412868022918701172e-01 9.442717432975769043e-01 9.454774260520935059e-01 9.517395496368408203e-01 9.561473727226257324e-01 9.614483714103698730e-01 9.660547971725463867e-01 9.659819006919860840e-01 9.612078666687011719e-01 9.544911980628967285e-01 9.510884881019592285e-01 9.475913047790527344e-01 9.403037428855895996e-01 9.344792962074279785e-01 9.343430995941162109e-01 9.347098469734191895e-01 9.313393831253051758e-01 9.274034500122070312e-01 9.272060394287109375e-01 9.247778654098510742e-01 9.268200397491455078e-01 9.286573529243469238e-01 9.230625033378601074e-01 9.171695709228515625e-01 9.160551428794860840e-01 9.175260663032531738e-01 9.168686270713806152e-01 9.153335690498352051e-01 9.114946126937866211e-01 9.102724194526672363e-01 9.127317070960998535e-01 9.153829216957092285e-01 9.172564744949340820e-01 9.208831191062927246e-01 9.216682910919189453e-01 9.183709025382995605e-01 9.142081737518310547e-01 9.129604101181030273e-01 9.109800457954406738e-01
1.034811973571777344e+00 1.034877896308898926e+00 1.034103393554687500e+00 1.034463286399841309e+00 1.037421941757202148e+00 1.036958813667297363e+00 1.035250067710876465e+00 1.027883410453796387e+00 1.034744977951049805e+00 1.039801716804504395e+00 1.042159438133239746e+00 1.041003465652465820e+00 1.036067366600036621e+00 1.030801892280578613e+00 1.027623057365417480e+00 1.025782465934753418e+00 1.021706938743591309e+00 1.019468903541564941e+00 1.014873623847961426e+00 1.014996290206909180e+00 1.013693928718566895e+00 1.013234376907348633e+00 1.011949539184570312e+00 1.012250542640686035e+00 1.014944434165954590e+00 1.017335414886474609e+00 1.017939090728759766e+00 1.015239953994750977e+00 1.011638879776000977e+00 1.012292504310607910e+00 1.009617567062377930e+00 1.005700469017028809e+00 1.001657843589782715e+00 9.923729896545410156e-01 9.759812951087951660e-01 9.706670045852661133e-01 9.662083387374877930e-01 9.614885449409484863e-01 9.551081657409667969e-01 9.489536881446838379e-01 9.465565681457519531e-01 9.422364830970764160e-01 9.395325779914855957e-01 9.346213340759277344e-01 9.332337379455566406e-01 9.300515651702880859e-01 9.290402531623840332e-01 9.282670617103576660e-01 9.254788756370544434e-01 9.262063503265380859e-01 9.275279641151428223e-01 9.280512332916259766e-01 9.289290904998779297e-01 9.310747981071472168e-01 9.292238354682922363e-01 9.310606718063354492e-01 9.328591227531433105e-01 9.356806874275207520e-01 9.377212524414062500e-01 9.404735565185546875e-01 9.434019923210144043e-01 9.450543522834777832e-01 9.501773118972778320e-01 9.531037807464599609e-01 9.573330879211425781e-01 9.598889350891113281e-01 9.643375873565673828e-01 9.654381871223449707e-01 9.624516963958740234e-01 9.564457535743713379e-01 9.511682987213134766e-01 9.481429457664489746e-01 9.421762824058532715e-01 9.344033002853393555e-01 9.317560791969299316e-01 9.311934709548950195e-01 9.292948842048645020e-01 9.258804917335510254e-01 9.271435141563415527e-01 9.263640046119689941e-01 9.246799349784851074e-01 9.258174896240234375e-01 9.219911098480224609e-01 9.161825776100158691e-01 9.162570238113403320e-01 9.135360717773437500e-01 9.151843190193176270e-01 9.141752123832702637e-01 9.099931120872497559e-01 9.087337851524353027e-01 9.106315374374389648e-01 9.140093326568603516e-01 9.156581759452819824e-01 9.183877110481262207e-01 9.193910360336303711e-01 9.171458482742309570e-01 9.129356145858764648e-01 9.117633104324340820e-01 9.117044806480407715e-01
1.031763195991516113e+00 1.032400131225585938e+00 1.032618284225463867e+00 1.032819986343383789e+00 1.035256505012512207e+00 1.033367633819580078e+00 1.032371401786804199e+00 1.034744977951049805e+00 1.027473330497741699e+00 1.036642193794250488e+00 1.043560981750488281e+00 1.042760848999023438e+00 1.037636280059814453e+00 1.032858371734619141e+00 1.031125783920288086e+00 1.030040383338928223e+00 1.025556802749633789e+00 1.021271705627441406e+00 1.017617106437683105e+00 1.016167521476745605e+00 1.013449430465698242e+00 1.012538194656372070e+00 1.011359810829162598e+00 1.012891888618469238e+00 1.014419198036193848e+00 1.017910599708557129e+00 1.018737316131591797e+00 1.016853809356689453e+00 1.012620210647583008e+00 1.014427781105041504e+00 1.011693000793457031e+00 1.007284283638000488e+00 1.003339409828186035e+00 9.925581216812133789e-01 9.768212437629699707e-01 9.711819887161254883e-01 9.669392108917236328e-01 9.604148268699645996e-01 9.545975923538208008e-01 9.479064941406250000e-01 9.437253475189208984e-01 9.410316944122314453e-01 9.388738870620727539e-01 9.322478771209716797e-01 9.315947294235229492e-01 9.305059313774108887e-01 9.291930794715881348e-01 9.262471199035644531e-01 9.239539504051208496e-01 9.254001379013061523e-01 9.250798225402832031e-01 9.255898594856262207e-01 9.278801083564758301e-01 9.307236075401306152e-01 9.296407699584960938e-01 9.327287673950195312e-01 9.342486858367919922e-01 9.369255900382995605e-01 9.399946928024291992e-01 9.406970143318176270e-01 9.439033865928649902e-01 9.483882784843444824e-01 9.530665874481201172e-01 9.556788206100463867e-01 9.595876932144165039e-01 9.609810709953308105e-01 9.662996530532836914e-01 9.672828316688537598e-01 9.642151594161987305e-01 9.601532816886901855e-01 9.553796052932739258e-01 9.481556415557861328e-01 9.410971403121948242e-01 9.380034208297729492e-01 9.336791038513183594e-01 9.317057728767395020e-01 9.306905269622802734e-01 9.281960725784301758e-01 9.287266731262207031e-01 9.290728569030761719e-01 9.270039796829223633e-01 9.267246723175048828e-01 9.217522740364074707e-01 9.153148531913757324e-01 9.187295436859130859e-01 9.146829843521118164e-01 9.153893589973449707e-01 9.148619771003723145e-01 9.127391576766967773e-01 9.138556122779846191e-01 9.132736325263977051e-01 9.151967763900756836e-01 9.168055653572082520e-01 9.184577465057373047e-01 9.219838976860046387e-01 9.221194982528686523e-01 9.167631864547729492e-01 9.121391177177429199e-01 9.105924367904663086e-01
1.026495099067687988e+00 1.027296423912048340e+00 1.029400110244750977e+00 1.031239271163940430e+00 1.034260988235473633e+00 1.032433867454528809e+00 1.033414006233215332e+00 1.039801716804504395e+00 1.036642193794250488e+00 1.038998603820800781e+00 1.044706583023071289e+00 1.047080993652343750e+00 1.042281389236450195e+00 1.039992570877075195e+00 1.037930488586425781e+00 1.037256479263305664e+00 1.031719207763671875e+00 1.026213049888610840e+00 1.021396160125732422e+00 1.019747614860534668e+00 1.016331791877746582e+00 1.014388203620910645e+00 1.014255762100219727e+00 1.016606569290161133e+00 1.017132282257080078e+00 1.019531607627868652e+00 1.021672010421752930e+00 1.019065499305725098e+00 1.015044808387756348e+00 1.015316009521484375e+00 1.012803792953491211e+00 1.008127927780151367e+00 1.003435730934143066e+00 9.930370450019836426e-01 9.780874848365783691e-01 9.727193117141723633e-01 9.651401638984680176e-01 9.576596617698669434e-01 9.505604505538940430e-01 9.438439607620239258e-01 9.395973086357116699e-01 9.370933175086975098e-01 9.351804256439208984e-01 9.307676553726196289e-01 9.301374554634094238e-01 9.286894798278808594e-01 9.265596866607666016e-01 9.251760840415954590e-01 9.228798151016235352e-01 9.230239987373352051e-01 9.233030676841735840e-01 9.251903295516967773e-01 9.269395470619201660e-01 9.290457367897033691e-01 9.274650216102600098e-01 9.319344162940979004e-01 9.354429841041564941e-01 9.356437325477600098e-01 9.380115270614624023e-01 9.383701086044311523e-01 9.403690695762634277e-01 9.452695846557617188e-01 9.501073360443115234e-01 9.538208842277526855e-01 9.590553641319274902e-01 9.623062610626220703e-01 9.660295248031616211e-01 9.649158716201782227e-01 9.644690752029418945e-01 9.604831337928771973e-01 9.555734395980834961e-01 9.490502476692199707e-01 9.405890703201293945e-01 9.369582533836364746e-01 9.336172342300415039e-01 9.306839704513549805e-01 9.292187094688415527e-01 9.253934621810913086e-01 9.252547621726989746e-01 9.248277544975280762e-01 9.265292286872863770e-01 9.260810017585754395e-01 9.247601032257080078e-01 9.190506935119628906e-01 9.215598702430725098e-01 9.176727533340454102e-01 9.180576801300048828e-01 9.155547022819519043e-01 9.154247045516967773e-01 9.165124297142028809e-01 9.181259274482727051e-01 9.165518283843994141e-01 9.156175255775451660e-01 9.176048636436462402e-01 9.212999939918518066e-01 9.233983755111694336e-01 9.174526333808898926e-01 9.147972464561462402e-01 9.127985239028930664e-01
1.024728059768676758e+00 1.025743842124938965e+00 1.028264641761779785e+00 1.030853152275085449e+00 1.034469485282897949e+00 1.033192396163940430e+00 1.033326387405395508e+00 1.042159438133239746e+00 1.043560981750488281e+00 1.044706583023071289e+00 1.040369391441345215e+00 1.042068839073181152e+00 1.041023373603820801e+00 1.040750622749328613e+00 1.040066719055175781e+00 1.039788365364074707e+00 1.034740805625915527e+00 1.029092788696289062e+00 1.022322773933410645e+00 1.021955132484436035e+00 1.019142031669616699e+00 1.016510486602783203e+00 1.017088174819946289e+00 1.018164992332458496e+00 1.018640518188476562e+00 1.020585536956787109e+00 1.021736979484558105e+00 1.018631458282470703e+00 1.014215111732482910e+00 1.012633085250854492e+00 1.009958267211914062e+00 1.007212996482849121e+00 1.003617048263549805e+00 9.928851723670959473e-01 9.781633019447326660e-01 9.738537669181823730e-01 9.667359590530395508e-01 9.597353339195251465e-01 9.523288011550903320e-01 9.419586062431335449e-01 9.378307461738586426e-01 9.365932345390319824e-01 9.374656081199645996e-01 9.321401715278625488e-01 9.329345226287841797e-01 9.289658069610595703e-01 9.262999296188354492e-01 9.245028495788574219e-01 9.226922392845153809e-01 9.210493564605712891e-01 9.234230518341064453e-01 9.270753860473632812e-01 9.282128214836120605e-01 9.332407116889953613e-01 9.286094307899475098e-01 9.325407147407531738e-01 9.367348551750183105e-01 9.372133016586303711e-01 9.370712637901306152e-01 9.393894076347351074e-01 9.425033330917358398e-01 9.460921287536621094e-01 9.501917362213134766e-01 9.541059732437133789e-01 9.581932425498962402e-01 9.632632732391357422e-01 9.688907265663146973e-01 9.665033817291259766e-01 9.659430980682373047e-01 9.633207321166992188e-01 9.584119319915771484e-01 9.507204890251159668e-01 9.422593712806701660e-01 9.369744062423706055e-01 9.327896833419799805e-01 9.288410544395446777e-01 9.275982975959777832e-01 9.257285594940185547e-01 9.252860546112060547e-01 9.228270649909973145e-01 9.244835972785949707e-01 9.256353378295898438e-01 9.260208606719970703e-01 9.231476187705993652e-01 9.239805936813354492e-01 9.202490448951721191e-01 9.193098545074462891e-01 9.186499714851379395e-01 9.165705442428588867e-01 9.176053404808044434e-01 9.204056262969970703e-01 9.182606339454650879e-01 9.180150032043457031e-01 9.186487793922424316e-01 9.217292070388793945e-01 9.227141737937927246e-01 9.169697165489196777e-01 9.155710935592651367e-01 9.147945642471313477e-01
1.022248744964599609e+00 1.024818301200866699e+00 1.028390169143676758e+00 1.030759334564208984e+00 1.033178806304931641e+00 1.032238125801086426e+00 1.032828092575073242e+00 1.041003465652465820e+00 1.042760848999023438e+00 1.047080993652343750e+00 1.042068839073181152e+00 1.034881830215454102e+00 1.037755489349365234e+00 1.041989922523498535e+00 1.044188976287841797e+00 1.044880151748657227e+00 1.039190411567687988e+00 1.033116340637207031e+00 1.027762293815612793e+00 1.026861071586608887e+00 1.024157404899597168e+00 1.021541357040405273e+00 1.022530913352966309e+00 1.023057937622070312e+00 1.023276686668395996e+00 1.024288296699523926e+00 1.025130987167358398e+00 1.021233081817626953e+00 1.017157912254333496e+00 1.014284014701843262e+00 1.012586236000061035e+00 1.009515166282653809e+00 1.005511045455932617e+00 9.951095581054687500e-01 9.802628755569458008e-01 9.754750728607177734e-01 9.687877297401428223e-01 9.627458453178405762e-01 9.536370635032653809e-01 9.430895447731018066e-01 9.402514696121215820e-01 9.395651817321777344e-01 9.393033981323242188e-01 9.353944063186645508e-01 9.333939552307128906e-01 9.299959540367126465e-01 9.294858574867248535e-01 9.280865788459777832e-01 9.237132668495178223e-01 9.226384162902832031e-01 9.254298210144042969e-01 9.295623302459716797e-01 9.337143301963806152e-01 9.362429976463317871e-01 9.308580160140991211e-01 9.342725872993469238e-01 9.392306804656982422e-01 9.405698180198669434e-01 9.404971599578857422e-01 9.421538114547729492e-01 9.440414309501647949e-01 9.490090608596801758e-01 9.519098997116088867e-01 9.548171758651733398e-01 9.590880274772644043e-01 9.647554755210876465e-01 9.689651727676391602e-01 9.687601327896118164e-01 9.684897065162658691e-01 9.655106663703918457e-01 9.604564309120178223e-01 9.547646045684814453e-01 9.459421038627624512e-01 9.400276541709899902e-01 9.364122748374938965e-01 9.305960536003112793e-01 9.295187592506408691e-01 9.254361391067504883e-01 9.251094460487365723e-01 9.248511791229248047e-01 9.250994920730590820e-01 9.268943071365356445e-01 9.266473650932312012e-01 9.231698513031005859e-01 9.248059391975402832e-01 9.210848212242126465e-01 9.228359460830688477e-01 9.236187934875488281e-01 9.207042455673217773e-01 9.190706610679626465e-01 9.224557876586914062e-01 9.238507747650146484e-01 9.217221140861511230e-01 9.201350212097167969e-01 9.220629930496215820e-01 9.240128993988037109e-01 9.192613363265991211e-01 9.166581034660339355e-01 9.159307479858398438e-01
1.018597364425659180e+00 1.022623062133789062e+00 1.025128602981567383e+00 1.027184844017028809e+00 1.029159307479858398e+00 1.027471065521240234e+00 1.030149936676025391e+00 1.036067366600036621e+00 1.037636280059814453e+00 1.042281389236450195e+00 1.041023373603820801e+00 1.037755489349365234e+00 1.033066987991333008e+00 1.039394617080688477e+00 1.044872045516967773e+00 1.046057581901550293e+00 1.041807770729064941e+00 1.035260438919067383e+00 1.029096603393554688e+00 1.028142333030700684e+00 1.025269031524658203e+00 1.022198200225830078e+00 1.023827791213989258e+00 1.023699760437011719e+00 1.023743391036987305e+00 1.023905515670776367e+00 1.024133324623107910e+00 1.021418929100036621e+00 1.017439007759094238e+00 1.016235828399658203e+00 1.014593839645385742e+00 1.010949492454528809e+00 1.007640361785888672e+00 9.950847029685974121e-01 9.797943234443664551e-01 9.747781157493591309e-01 9.668071866035461426e-01 9.597554206848144531e-01 9.525825381278991699e-01 9.437808394432067871e-01 9.408220648765563965e-01 9.387531280517578125e-01 9.379529953002929688e-01 9.335324168205261230e-01 9.319429993629455566e-01 9.290037751197814941e-01 9.294729828834533691e-01 9.266936779022216797e-01 9.240844249725341797e-01 9.218789339065551758e-01 9.228187799453735352e-01 9.270368218421936035e-01 9.327889084815979004e-01 9.352404475212097168e-01 9.309042692184448242e-01 9.332593679428100586e-01 9.385005831718444824e-01 9.417553544044494629e-01 9.438921809196472168e-01 9.432732462882995605e-01 9.428693652153015137e-01 9.446847438812255859e-01 9.470607042312622070e-01 9.521067142486572266e-01 9.575302600860595703e-01 9.608688950538635254e-01 9.644976258277893066e-01 9.681382775306701660e-01 9.695976376533508301e-01 9.657436609268188477e-01 9.596010446548461914e-01 9.543965458869934082e-01 9.471973776817321777e-01 9.410234689712524414e-01 9.356532096862792969e-01 9.332997798919677734e-01 9.317709803581237793e-01 9.246812462806701660e-01 9.240530133247375488e-01 9.244669675827026367e-01 9.259749650955200195e-01 9.284402132034301758e-01 9.273632168769836426e-01 9.234498739242553711e-01 9.250382781028747559e-01 9.210340380668640137e-01 9.242730736732482910e-01 9.228500723838806152e-01 9.228959083557128906e-01 9.228875637054443359e-01 9.246413707733154297e-01 9.253681898117065430e-01 9.237270355224609375e-01 9.200168848037719727e-01 9.223541617393493652e-01 9.223595261573791504e-01 9.191196560859680176e-01 9.176853895187377930e-01 9.183779358863830566e-01
1.013904452323913574e+00 1.017587065696716309e+00 1.021266460418701172e+00 1.023618578910827637e+00 1.025521278381347656e+00 1.024279236793518066e+00 1.026926994323730469e+00 1.030801892280578613e+00 1.032858371734619141e+00 1.039992570877075195e+00 1.040750622749328613e+00 1.041989922523498535e+00 1.039394617080688477e+00 1.041472434997558594e+00 1.047470927238464355e+00 1.052189469337463379e+00 1.048786163330078125e+00 1.041596174240112305e+00 1.035134196281433105e+00 1.033149361610412598e+00 1.028704643249511719e+00 1.025685787200927734e+00 1.027109026908874512e+00 1.026349544525146484e+00 1.027155518531799316e+00 1.027661561965942383e+00 1.027244806289672852e+00 1.024600982666015625e+00 1.019913673400878906e+00 1.019074440002441406e+00 1.018040180206298828e+00 1.014629244804382324e+00 1.009554505348205566e+00 9.994139671325683594e-01 9.830963611602783203e-01 9.771620631217956543e-01 9.699805378913879395e-01 9.604778885841369629e-01 9.538358449935913086e-01 9.464046955108642578e-01 9.444722533226013184e-01 9.422087073326110840e-01 9.404432773590087891e-01 9.337670803070068359e-01 9.327979683876037598e-01 9.326560497283935547e-01 9.308126568794250488e-01 9.261735081672668457e-01 9.253512620925903320e-01 9.243659377098083496e-01 9.227775931358337402e-01 9.277253150939941406e-01 9.314314723014831543e-01 9.344937801361083984e-01 9.315443038940429688e-01 9.346464872360229492e-01 9.377364516258239746e-01 9.402582049369812012e-01 9.421732425689697266e-01 9.437029957771301270e-01 9.423769712448120117e-01 9.414497613906860352e-01 9.452390074729919434e-01 9.495397806167602539e-01 9.535202383995056152e-01 9.577158689498901367e-01 9.613265395164489746e-01 9.645408391952514648e-01 9.658097624778747559e-01 9.603596329689025879e-01 9.554294943809509277e-01 9.500710368156433105e-01 9.419842362403869629e-01 9.373841881752014160e-01 9.328958392143249512e-01 9.316042065620422363e-01 9.282640218734741211e-01 9.213929772377014160e-01 9.189345836639404297e-01 9.193294644355773926e-01 9.221001267433166504e-01 9.260706901550292969e-01 9.212779402732849121e-01 9.152609705924987793e-01 9.169811010360717773e-01 9.140465259552001953e-01 9.181881546974182129e-01 9.197677373886108398e-01 9.207818508148193359e-01 9.214760065078735352e-01 9.227208495140075684e-01 9.208262562751770020e-01 9.175568819046020508e-01 9.154399633407592773e-01 9.169327020645141602e-01 9.168351888656616211e-01 9.137319326400756836e-01 9.125795960426330566e-01 9.133557081222534180e-01
1.014815568923950195e+00 1.017797470092773438e+00 1.021121382713317871e+00 1.024027943611145020e+00 1.025443792343139648e+00 1.023761034011840820e+00 1.026192426681518555e+00 1.027623057365417480e+00 1.031125783920288086e+00 1.037930488586425781e+00 1.040066719055175781e+00 1.044188976287841797e+00 1.044872045516967773e+00 1.047470927238464355e+00 1.044280409812927246e+00 1.051163434982299805e+00 1.049407958984375000e+00 1.045221209526062012e+00 1.039592027664184570e+00 1.036000251770019531e+00 1.031804800033569336e+00 1.027884602546691895e+00 1.028189182281494141e+00 1.028724670410156250e+00 1.029573559761047363e+00 1.030222177505493164e+00 1.030541419982910156e+00 1.027025699615478516e+00 1.021323919296264648e+00 1.020433306694030762e+00 1.019388437271118164e+00 1.017317771911621094e+00 1.011891961097717285e+00 1.002141594886779785e+00 9.852028489112854004e-01 9.798755049705505371e-01 9.706389904022216797e-01 9.602559804916381836e-01 9.555591344833374023e-01 9.492140412330627441e-01 9.462031722068786621e-01 9.427099227905273438e-01 9.417627453804016113e-01 9.343013763427734375e-01 9.346597790718078613e-01 9.336922764778137207e-01 9.312694668769836426e-01 9.278016090393066406e-01 9.277130365371704102e-01 9.290372133255004883e-01 9.278458952903747559e-01 9.324764609336853027e-01 9.344069361686706543e-01 9.362977743148803711e-01 9.330146908760070801e-01 9.361755251884460449e-01 9.374316930770874023e-01 9.393269419670104980e-01 9.426465034484863281e-01 9.446459412574768066e-01 9.440550804138183594e-01 9.461091756820678711e-01 9.494952559471130371e-01 9.536663889884948730e-01 9.555341601371765137e-01 9.605098366737365723e-01 9.639900326728820801e-01 9.671211242675781250e-01 9.666522145271301270e-01 9.613659381866455078e-01 9.565217494964599609e-01 9.502237439155578613e-01 9.420753717422485352e-01 9.360691905021667480e-01 9.321137666702270508e-01 9.314993023872375488e-01 9.270080924034118652e-01 9.216147661209106445e-01 9.194786548614501953e-01 9.189619421958923340e-01 9.226900339126586914e-01 9.269831776618957520e-01 9.227313995361328125e-01 9.162824153900146484e-01 9.165185093879699707e-01 9.189983010292053223e-01 9.154815077781677246e-01 9.184415936470031738e-01 9.202991127967834473e-01 9.208335876464843750e-01 9.210975766181945801e-01 9.217182397842407227e-01 9.200577735900878906e-01 9.166923165321350098e-01 9.163985252380371094e-01 9.165387153625488281e-01 9.163945317268371582e-01 9.146126508712768555e-01 9.144878387451171875e-01
1.015314936637878418e+00 1.018609523773193359e+00 1.020801544189453125e+00 1.022774696350097656e+00 1.026081562042236328e+00 1.024748444557189941e+00 1.025605201721191406e+00 1.025782465934753418e+00 1.030040383338928223e+00 1.037256479263305664e+00 1.039788365364074707e+00 1.044880151748657227e+00 1.046057581901550293e+00 1.052189469337463379e+00 1.051163434982299805e+00 1.060276746749877930e+00 1.051787853240966797e+00 1.050547838211059570e+00 1.045599818229675293e+00 1.040282964706420898e+00 1.035287261009216309e+00 1.032330632209777832e+00 1.031754612922668457e+00 1.031441330909729004e+00 1.031537175178527832e+00 1.033105015754699707e+00 1.033062338829040527e+00 1.030000090599060059e+00 1.023343086242675781e+00 1.023054242134094238e+00 1.020973920822143555e+00 1.017405509948730469e+00 1.012480735778808594e+00 1.003953099250793457e+00 9.854792356491088867e-01 9.784001708030700684e-01 9.700223207473754883e-01 9.601838588714599609e-01 9.552968740463256836e-01 9.491363763809204102e-01 9.458625912666320801e-01 9.418832063674926758e-01 9.412326812744140625e-01 9.350966811180114746e-01 9.348921179771423340e-01 9.328196644783020020e-01 9.327608346939086914e-01 9.327877163887023926e-01 9.329205155372619629e-01 9.331594705581665039e-01 9.319468140602111816e-01 9.324185252189636230e-01 9.353410005569458008e-01 9.373297095298767090e-01 9.358566999435424805e-01 9.381409287452697754e-01 9.403336048126220703e-01 9.393232464790344238e-01 9.424055814743041992e-01 9.437270760536193848e-01 9.444772005081176758e-01 9.462687373161315918e-01 9.494640231132507324e-01 9.531068801879882812e-01 9.568699002265930176e-01 9.614995718002319336e-01 9.646851420402526855e-01 9.667994379997253418e-01 9.664915800094604492e-01 9.611388444900512695e-01 9.551633000373840332e-01 9.527360796928405762e-01 9.427857995033264160e-01 9.351475238800048828e-01 9.301784634590148926e-01 9.266624450683593750e-01 9.247034788131713867e-01 9.193305373191833496e-01 9.185468554496765137e-01 9.190622568130493164e-01 9.226299524307250977e-01 9.270602464675903320e-01 9.229497909545898438e-01 9.169363379478454590e-01 9.185373187065124512e-01 9.149086475372314453e-01 9.170200824737548828e-01 9.206714034080505371e-01 9.206695556640625000e-01 9.224999547004699707e-01 9.210543036460876465e-01 9.238278865814208984e-01 9.227799177169799805e-01 9.183118939399719238e-01 9.195451736450195312e-01 9.173197746276855469e-01 9.189993739128112793e-01 9.159119725227355957e-01 9.141259193420410156e-01
