1.009491324424743652e+00 1.002989411354064941e+00 1.003602385520935059e+00 1.007316708564758301e+00 1.008680820465087891e+00 1.013500571250915527e+00 1.017561078071594238e+00 1.022540092468261719e+00 1.021529555320739746e+00 1.030196547508239746e+00 1.039294123649597168e+00 1.039720773696899414e+00 1.040199875831604004e+00 1.041772842407226562e+00 1.044099569320678711e+00 1.052383184432983398e+00 1.056666135787963867e+00 1.058307051658630371e+00 1.070200204849243164e+00 1.077481389045715332e+00 1.082294344902038574e+00 1.076499462127685547e+00 1.087678194046020508e+00 1.106552958488464355e+00 1.104500651359558105e+00 1.108005285263061523e+00 1.117517113685607910e+00 1.117956995964050293e+00 1.124696612358093262e+00 1.115312576293945312e+00 1.106489062309265137e+00 1.079055190086364746e+00 1.045595169067382812e+00 9.840569496154785156e-01 9.367083907127380371e-01 9.064349532127380371e-01 8.754364848136901855e-01 8.714366555213928223e-01 8.613959550857543945e-01 8.480571508407592773e-01 8.427540659904479980e-01 8.523061871528625488e-01 8.479512929916381836e-01 8.464037179946899414e-01 8.482560515403747559e-01 8.585458397865295410e-01 8.564200401306152344e-01 8.624472618103027344e-01 8.631234765052795410e-01 8.677830100059509277e-01 8.753839731216430664e-01 8.859847187995910645e-01 8.931093215942382812e-01 8.896187543869018555e-01 8.935641050338745117e-01 8.973037004470825195e-01 9.159430861473083496e-01 9.297221302986145020e-01 9.483029842376708984e-01 9.614858031272888184e-01 9.826071858406066895e-01 9.859830737113952637e-01 9.931088685989379883e-01 1.013920187950134277e+00 1.017118692398071289e+00 1.037205219268798828e+00 1.038580656051635742e+00 1.037439465522766113e+00 1.018835663795471191e+00 9.894772171974182129e-01 9.601228833198547363e-01 9.441555738449096680e-01 9.249340891838073730e-01 9.024671316146850586e-01 8.950686454772949219e-01 8.902705311775207520e-01 8.856850862503051758e-01 8.747857213020324707e-01 8.722992539405822754e-01 8.659039735794067383e-01 8.592573404312133789e-01 8.687171339988708496e-01 8.666449785232543945e-01 8.651009202003479004e-01 8.625498414039611816e-01 8.573851585388183594e-01 8.615213036537170410e-01 8.513361811637878418e-01 8.484859466552734375e-01 8.385086059570312500e-01 8.462777137756347656e-01 8.420700430870056152e-01 8.485828638076782227e-01 8.403901457786560059e-01 8.492459654808044434e-01 8.409557938575744629e-01 8.399454355239868164e-01 8.477787971496582031e-01 8.642488121986389160e-01
1.002989411354064941e+00 1.008178234100341797e+00 9.899082183837890625e-01 1.001668572425842285e+00 1.008979916572570801e+00 1.015413761138916016e+00 1.017338633537292480e+00 1.025396704673767090e+00 1.028840065002441406e+00 1.036422491073608398e+00 1.037247419357299805e+00 1.039183378219604492e+00 1.046159267425537109e+00 1.048745989799499512e+00 1.046649932861328125e+00 1.053978085517883301e+00 1.050578713417053223e+00 1.065089464187622070e+00 1.070595979690551758e+00 1.077080368995666504e+00 1.080602169036865234e+00 1.084431648254394531e+00 1.090499997138977051e+00 1.107203602790832520e+00 1.106810092926025391e+00 1.101738572120666504e+00 1.114069223403930664e+00 1.117694020271301270e+00 1.127226591110229492e+00 1.125179529190063477e+00 1.112250208854675293e+00 1.074244499206542969e+00 1.035734534263610840e+00 9.802352786064147949e-01 9.305989742279052734e-01 9.013639688491821289e-01 8.789085149765014648e-01 8.599233031272888184e-01 8.571672439575195312e-01 8.521642088890075684e-01 8.427404761314392090e-01 8.476572632789611816e-01 8.415575027465820312e-01 8.492894768714904785e-01 8.486080169677734375e-01 8.529252409934997559e-01 8.554943799972534180e-01 8.599935770034790039e-01 8.600242137908935547e-01 8.674458265304565430e-01 8.761811852455139160e-01 8.825489878654479980e-01 8.875241279602050781e-01 8.835743069648742676e-01 8.972590565681457520e-01 9.017099142074584961e-01 9.199992418289184570e-01 9.488254785537719727e-01 9.465383887290954590e-01 9.560042619705200195e-01 9.837374687194824219e-01 9.874618649482727051e-01 9.980452656745910645e-01 1.012345552444458008e+00 1.023116350173950195e+00 1.041755199432373047e+00 1.038865208625793457e+00 1.030757904052734375e+00 1.016881585121154785e+00 9.976935386657714844e-01 9.658555984497070312e-01 9.424337148666381836e-01 9.154098033905029297e-01 8.953807353973388672e-01 8.856809735298156738e-01 8.831837177276611328e-01 8.760014176368713379e-01 8.727678656578063965e-01 8.663750886917114258e-01 8.645962476730346680e-01 8.544209599494934082e-01 8.579918146133422852e-01 8.509054780006408691e-01 8.528082966804504395e-01 8.523468971252441406e-01 8.554808497428894043e-01 8.513956069946289062e-01 8.514651656150817871e-01 8.422483801841735840e-01 8.394418358802795410e-01 8.318103551864624023e-01 8.434378504753112793e-01 8.483081459999084473e-01 8.437697887420654297e-01 8.440009355545043945e-01 8.414981961250305176e-01 8.433676362037658691e-01 8.556194305419921875e-01 8.586561083793640137e-01
1.003602385520935059e+00 9.899082183837890625e-01 9.842340350151062012e-01 9.948342442512512207e-01 1.003257989883422852e+00 1.011010527610778809e+00 1.013952136039733887e+00 1.020244479179382324e+00 1.022816181182861328e+00 1.031783461570739746e+00 1.033684372901916504e+00 1.034912347793579102e+00 1.042291641235351562e+00 1.046205759048461914e+00 1.038709878921508789e+00 1.049997210502624512e+00 1.047627925872802734e+00 1.058538317680358887e+00 1.066756010055541992e+00 1.074341416358947754e+00 1.077009677886962891e+00 1.074664831161499023e+00 1.089664697647094727e+00 1.102756977081298828e+00 1.104301571846008301e+00 1.100515007972717285e+00 1.104640841484069824e+00 1.109739184379577637e+00 1.114912152290344238e+00 1.119651079177856445e+00 1.102692246437072754e+00 1.066903352737426758e+00 1.022275805473327637e+00 9.667437672615051270e-01 9.212519526481628418e-01 8.969475626945495605e-01 8.712505698204040527e-01 8.519005775451660156e-01 8.429532051086425781e-01 8.436861038208007812e-01 8.393427133560180664e-01 8.384066820144653320e-01 8.345479369163513184e-01 8.375985026359558105e-01 8.436249494552612305e-01 8.513258695602416992e-01 8.513060808181762695e-01 8.489313721656799316e-01 8.549963831901550293e-01 8.657720088958740234e-01 8.714318871498107910e-01 8.697376251220703125e-01 8.742365837097167969e-01 8.809134960174560547e-01 8.954448103904724121e-01 8.935469388961791992e-01 9.049550294876098633e-01 9.280836582183837891e-01 9.371064305305480957e-01 9.511752724647521973e-01 9.745172858238220215e-01 9.873554706573486328e-01 9.935446977615356445e-01 1.002840280532836914e+00 1.014058351516723633e+00 1.029151797294616699e+00 1.026593923568725586e+00 1.026400446891784668e+00 1.011046051979064941e+00 9.906429052352905273e-01 9.595618844032287598e-01 9.367949366569519043e-01 9.176787137985229492e-01 9.002143144607543945e-01 8.915077447891235352e-01 8.833902478218078613e-01 8.733447790145874023e-01 8.706019520759582520e-01 8.627167940139770508e-01 8.550764918327331543e-01 8.486284613609313965e-01 8.530800342559814453e-01 8.465054035186767578e-01 8.459402918815612793e-01 8.467430472373962402e-01 8.527773022651672363e-01 8.487708568572998047e-01 8.436380624771118164e-01 8.346316218376159668e-01 8.334428071975708008e-01 8.290678858757019043e-01 8.389551639556884766e-01 8.305763006210327148e-01 8.258658051490783691e-01 8.318351507186889648e-01 8.323588371276855469e-01 8.409419059753417969e-01 8.539385199546813965e-01 8.501435518264770508e-01
1.007316708564758301e+00 1.001668572425842285e+00 9.948342442512512207e-01 9.899904131889343262e-01 9.928925633430480957e-01 9.996821284294128418e-01 1.008465528488159180e+00 1.018395781517028809e+00 1.022733688354492188e+00 1.029074072837829590e+00 1.033859491348266602e+00 1.033016204833984375e+00 1.038320183753967285e+00 1.041951775550842285e+00 1.040571689605712891e+00 1.043206572532653809e+00 1.043325781822204590e+00 1.054622530937194824e+00 1.068365216255187988e+00 1.073501706123352051e+00 1.076642870903015137e+00 1.077023029327392578e+00 1.088340520858764648e+00 1.100273609161376953e+00 1.101724147796630859e+00 1.100434303283691406e+00 1.104536294937133789e+00 1.104758858680725098e+00 1.108315825462341309e+00 1.102548956871032715e+00 1.089570283889770508e+00 1.055647015571594238e+00 1.015643835067749023e+00 9.540380239486694336e-01 9.063783884048461914e-01 8.823990821838378906e-01 8.559798598289489746e-01 8.497529625892639160e-01 8.399620652198791504e-01 8.364174365997314453e-01 8.267491459846496582e-01 8.259721398353576660e-01 8.337736129760742188e-01 8.322187662124633789e-01 8.296562433242797852e-01 8.410921692848205566e-01 8.402341604232788086e-01 8.402698040008544922e-01 8.459058403968811035e-01 8.563570380210876465e-01 8.621814846992492676e-01 8.757023811340332031e-01 8.844247460365295410e-01 8.793781995773315430e-01 8.932532072067260742e-01 8.939031958580017090e-01 8.998141884803771973e-01 9.176136255264282227e-01 9.290499687194824219e-01 9.450841546058654785e-01 9.655880928039550781e-01 9.776114225387573242e-01 9.929180741310119629e-01 1.001995444297790527e+00 1.017013311386108398e+00 1.021312355995178223e+00 1.023790955543518066e+00 1.023950457572937012e+00 1.010914087295532227e+00 9.855846166610717773e-01 9.528816938400268555e-01 9.245756268501281738e-01 9.132891297340393066e-01 8.932193517684936523e-01 8.828619718551635742e-01 8.784258961677551270e-01 8.665508031845092773e-01 8.646977543830871582e-01 8.616475462913513184e-01 8.525815010070800781e-01 8.435298204421997070e-01 8.493375778198242188e-01 8.391586542129516602e-01 8.444185853004455566e-01 8.353505134582519531e-01 8.455209732055664062e-01 8.414911031723022461e-01 8.437939286231994629e-01 8.477792143821716309e-01 8.389796614646911621e-01 8.248880505561828613e-01 8.273059725761413574e-01 8.275962471961975098e-01 8.180796504020690918e-01 8.314260244369506836e-01 8.282880187034606934e-01 8.397154211997985840e-01 8.437691926956176758e-01 8.486792445182800293e-01
1.008680820465087891e+00 1.008979916572570801e+00 1.003257989883422852e+00 9.928925633430480957e-01 9.950280785560607910e-01 9.959347844123840332e-01 1.003351807594299316e+00 1.014842748641967773e+00 1.020290374755859375e+00 1.026928663253784180e+00 1.034254312515258789e+00 1.034570813179016113e+00 1.035160660743713379e+00 1.039001941680908203e+00 1.039741635322570801e+00 1.039592266082763672e+00 1.044770479202270508e+00 1.055767536163330078e+00 1.069510579109191895e+00 1.075442552566528320e+00 1.076149940490722656e+00 1.078385591506958008e+00 1.088849306106567383e+00 1.103934168815612793e+00 1.100140571594238281e+00 1.105329155921936035e+00 1.109972476959228516e+00 1.099321246147155762e+00 1.104703783988952637e+00 1.095505237579345703e+00 1.080477833747863770e+00 1.043635368347167969e+00 9.997404813766479492e-01 9.480238556861877441e-01 8.990330100059509277e-01 8.736538887023925781e-01 8.511659502983093262e-01 8.400933146476745605e-01 8.356620073318481445e-01 8.270078301429748535e-01 8.194816112518310547e-01 8.266457915306091309e-01 8.266248703002929688e-01 8.276261091232299805e-01 8.178474307060241699e-01 8.292264938354492188e-01 8.340861201286315918e-01 8.386190533638000488e-01 8.428567051887512207e-01 8.588166236877441406e-01 8.588236570358276367e-01 8.680329322814941406e-01 8.780676722526550293e-01 8.805031776428222656e-01 8.896753787994384766e-01 8.945854306221008301e-01 9.022709131240844727e-01 9.115669727325439453e-01 9.246861934661865234e-01 9.333403706550598145e-01 9.586867094039916992e-01 9.753963351249694824e-01 9.844735264778137207e-01 9.955120682716369629e-01 1.010567903518676758e+00 1.015988349914550781e+00 1.025100588798522949e+00 1.021133422851562500e+00 1.004404544830322266e+00 9.793077707290649414e-01 9.465080499649047852e-01 9.166833758354187012e-01 9.045955538749694824e-01 8.879303336143493652e-01 8.800650238990783691e-01 8.771708607673645020e-01 8.645122647285461426e-01 8.589375615119934082e-01 8.582127690315246582e-01 8.555956482887268066e-01 8.554396033287048340e-01 8.528661131858825684e-01 8.337085843086242676e-01 8.327362537384033203e-01 8.349384069442749023e-01 8.346618413925170898e-01 8.444787859916687012e-01 8.418366312980651855e-01 8.377655744552612305e-01 8.280011415481567383e-01 8.233828544616699219e-01 8.253651857376098633e-01 8.278917074203491211e-01 8.358752727508544922e-01 8.331384062767028809e-01 8.220355510711669922e-01 8.237270116806030273e-01 8.327881097793579102e-01 8.459658026695251465e-01
1.013500571250915527e+00 1.015413761138916016e+00 1.011010527610778809e+00 9.996821284294128418e-01 9.959347844123840332e-01 9.770569801330566406e-01 9.861158728599548340e-01 1.002350807189941406e+00 1.014554977416992188e+00 1.021539568901062012e+00 1.029904961585998535e+00 1.032053232192993164e+00 1.033015727996826172e+00 1.034020423889160156e+00 1.035281300544738770e+00 1.045099735260009766e+00 1.044465065002441406e+00 1.059886455535888672e+00 1.066087245941162109e+00 1.077178597450256348e+00 1.073492407798767090e+00 1.078113079071044922e+00 1.087677836418151855e+00 1.099818944931030273e+00 1.093247175216674805e+00 1.097865104675292969e+00 1.099525451660156250e+00 1.094701051712036133e+00 1.099470257759094238e+00 1.093019485473632812e+00 1.078213810920715332e+00 1.038265943527221680e+00 9.973691105842590332e-01 9.380507469177246094e-01 8.947566151618957520e-01 8.684253692626953125e-01 8.478527665138244629e-01 8.389096856117248535e-01 8.318486213684082031e-01 8.182248473167419434e-01 8.158690929412841797e-01 8.260943293571472168e-01 8.169726729393005371e-01 8.234701156616210938e-01 8.209594488143920898e-01 8.267580866813659668e-01 8.354284167289733887e-01 8.426535725593566895e-01 8.456654548645019531e-01 8.546984195709228516e-01 8.583619594573974609e-01 8.671573996543884277e-01 8.774011731147766113e-01 8.743711709976196289e-01 8.889741897583007812e-01 8.940223455429077148e-01 9.061034917831420898e-01 9.143834710121154785e-01 9.319515228271484375e-01 9.374119043350219727e-01 9.609994888305664062e-01 9.758779406547546387e-01 9.786480069160461426e-01 9.931215047836303711e-01 1.006663203239440918e+00 1.021472454071044922e+00 1.031961083412170410e+00 1.023125052452087402e+00 1.005483984947204590e+00 9.896923303604125977e-01 9.532661437988281250e-01 9.267561435699462891e-01 9.076802134513854980e-01 8.873630762100219727e-01 8.802189826965332031e-01 8.757153153419494629e-01 8.622518777847290039e-01 8.649812340736389160e-01 8.644789457321166992e-01 8.621849417686462402e-01 8.577545881271362305e-01 8.594471216201782227e-01 8.425090909004211426e-01 8.355666995048522949e-01 8.337249755859375000e-01 8.411790132522583008e-01 8.412432074546813965e-01 8.346685767173767090e-01 8.311903476715087891e-01 8.309276103973388672e-01 8.361580371856689453e-01 8.389741778373718262e-01 8.394572138786315918e-01 8.341825604438781738e-01 8.307861685752868652e-01 8.209829330444335938e-01 8.342208862304687500e-01 8.478263020515441895e-01 8.629814982414245605e-01
1.017561078071594238e+00 1.017338633537292480e+00 1.013952136039733887e+00 1.008465528488159180e+00 1.003351807594299316e+00 9.861158728599548340e-01 9.799199700355529785e-01 9.936947822570800781e-01 1.010243177413940430e+00 1.022208333015441895e+00 1.028417229652404785e+00 1.031344532966613770e+00 1.029517769813537598e+00 1.032085657119750977e+00 1.032400131225585938e+00 1.042672395706176758e+00 1.046273827552795410e+00 1.057078838348388672e+00 1.064363956451416016e+00 1.066941261291503906e+00 1.070439696311950684e+00 1.072563409805297852e+00 1.082222580909729004e+00 1.091082811355590820e+00 1.090296506881713867e+00 1.088985204696655273e+00 1.096466183662414551e+00 1.089481353759765625e+00 1.088630676269531250e+00 1.080703616142272949e+00 1.064866065979003906e+00 1.028258562088012695e+00 9.871046543121337891e-01 9.356544017791748047e-01 8.916429281234741211e-01 8.679827451705932617e-01 8.480072617530822754e-01 8.349873423576354980e-01 8.225560188293457031e-01 8.144622445106506348e-01 8.107397556304931641e-01 8.209400773048400879e-01 8.112107515335083008e-01 8.122040629386901855e-01 8.184478282928466797e-01 8.288103938102722168e-01 8.344065546989440918e-01 8.398784399032592773e-01 8.373548388481140137e-01 8.483359217643737793e-01 8.622319102287292480e-01 8.716254830360412598e-01 8.698999881744384766e-01 8.675401806831359863e-01 8.910024166107177734e-01 8.934426903724670410e-01 9.023974537849426270e-01 9.093577265739440918e-01 9.288582801818847656e-01 9.376466274261474609e-01 9.500552415847778320e-01 9.642224311828613281e-01 9.769355058670043945e-01 9.951000213623046875e-01 1.003558754920959473e+00 1.019446730613708496e+00 1.027108550071716309e+00 1.026448011398315430e+00 1.005455374717712402e+00 9.891505241394042969e-01 9.575635194778442383e-01 9.245343804359436035e-01 9.041917324066162109e-01 8.827127814292907715e-01 8.778365850448608398e-01 8.704525828361511230e-01 8.576269149780273438e-01 8.605955243110656738e-01 8.571816086769104004e-01 8.565822839736938477e-01 8.557086586952209473e-01 8.573852181434631348e-01 8.423039913177490234e-01 8.469819426536560059e-01 8.407449722290039062e-01 8.346925377845764160e-01 8.323534131050109863e-01 8.426135778427124023e-01 8.338015675544738770e-01 8.299463391304016113e-01 8.355553746223449707e-01 8.351828455924987793e-01 8.405597805976867676e-01 8.264086246490478516e-01 8.263288736343383789e-01 8.322498798370361328e-01 8.322620391845703125e-01 8.506988883018493652e-01 8.648295998573303223e-01
1.022540092468261719e+00 1.025396704673767090e+00 1.020244479179382324e+00 1.018395781517028809e+00 1.014842748641967773e+00 1.002350807189941406e+00 9.936947822570800781e-01 9.836392402648925781e-01 1.006608963012695312e+00 1.020021677017211914e+00 1.027763366699218750e+00 1.030530929565429688e+00 1.031050682067871094e+00 1.036796927452087402e+00 1.039482831954956055e+00 1.044954419136047363e+00 1.046919465065002441e+00 1.060571551322937012e+00 1.067433595657348633e+00 1.068202257156372070e+00 1.072495341300964355e+00 1.075686454772949219e+00 1.076385498046875000e+00 1.083445191383361816e+00 1.081132054328918457e+00 1.092331290245056152e+00 1.097586989402770996e+00 1.087499856948852539e+00 1.077987909317016602e+00 1.070574164390563965e+00 1.062161445617675781e+00 1.032607674598693848e+00 9.901044964790344238e-01 9.349949359893798828e-01 8.933787941932678223e-01 8.702231645584106445e-01 8.479489684104919434e-01 8.290718793869018555e-01 8.175508379936218262e-01 8.129279613494873047e-01 8.129955530166625977e-01 8.183595538139343262e-01 8.123455047607421875e-01 8.117235302925109863e-01 8.233995437622070312e-01 8.303792476654052734e-01 8.349904417991638184e-01 8.386904001235961914e-01 8.416497111320495605e-01 8.421073555946350098e-01 8.571245074272155762e-01 8.673751950263977051e-01 8.721334338188171387e-01 8.720061779022216797e-01 8.888160586357116699e-01 8.902199864387512207e-01 8.977915644645690918e-01 9.134364724159240723e-01 9.264117479324340820e-01 9.302797317504882812e-01 9.489774703979492188e-01 9.604430794715881348e-01 9.756295084953308105e-01 9.978765249252319336e-01 1.007255434989929199e+00 1.018961906433105469e+00 1.026008248329162598e+00 1.020925521850585938e+00 9.976671338081359863e-01 9.803652763366699219e-01 9.561194181442260742e-01 9.294674992561340332e-01 9.085062742233276367e-01 8.847522139549255371e-01 8.791921734809875488e-01 8.723527193069458008e-01 8.671343326568603516e-01 8.666341304779052734e-01 8.630704283714294434e-01 8.571383357048034668e-01 8.574494123458862305e-01 8.560668826103210449e-01 8.470616936683654785e-01 8.462462425231933594e-01 8.434855341911315918e-01 8.353402614593505859e-01 8.392395377159118652e-01 8.521025180816650391e-01 8.336964249610900879e-01 8.312124013900756836e-01 8.339887857437133789e-01 8.458041548728942871e-01 8.397881388664245605e-01 8.331378698348999023e-01 8.372161388397216797e-01 8.369602560997009277e-01 8.288587331771850586e-01 8.456704616546630859e-01 8.708001375198364258e-01
1.021529555320739746e+00 1.028840065002441406e+00 1.022816181182861328e+00 1.022733688354492188e+00 1.020290374755859375e+00 1.014554977416992188e+00 1.010243177413940430e+00 1.006608963012695312e+00 1.000991344451904297e+00 1.000686287879943848e+00 1.015549182891845703e+00 1.026492476463317871e+00 1.032437205314636230e+00 1.039707660675048828e+00 1.040821194648742676e+00 1.045453906059265137e+00 1.043634533882141113e+00 1.051357865333557129e+00 1.056261301040649414e+00 1.060299038887023926e+00 1.063677787780761719e+00 1.068354845046997070e+00 1.065197587013244629e+00 1.068804740905761719e+00 1.066605210304260254e+00 1.076718449592590332e+00 1.080410599708557129e+00 1.071252226829528809e+00 1.072154760360717773e+00 1.063762187957763672e+00 1.050354242324829102e+00 1.018191456794738770e+00 9.773482680320739746e-01 9.233337640762329102e-01 8.852748274803161621e-01 8.646411299705505371e-01 8.367888927459716797e-01 8.196893930435180664e-01 8.092202544212341309e-01 8.082733154296875000e-01 8.099858164787292480e-01 8.134214282035827637e-01 8.130475282669067383e-01 8.165567517280578613e-01 8.195427060127258301e-01 8.309492468833923340e-01 8.273103833198547363e-01 8.388212919235229492e-01 8.393075466156005859e-01 8.415260314941406250e-01 8.511847257614135742e-01 8.675817251205444336e-01 8.732125759124755859e-01 8.749485015869140625e-01 8.819600343704223633e-01 8.820342421531677246e-01 8.955284953117370605e-01 9.096590280532836914e-01 9.214669466018676758e-01 9.304774403572082520e-01 9.438541531562805176e-01 9.545029401779174805e-01 9.735065102577209473e-01 9.945260882377624512e-01 9.987239241600036621e-01 1.015842676162719727e+00 1.019678473472595215e+00 1.007395744323730469e+00 9.993216991424560547e-01 9.801726937294006348e-01 9.466267228126525879e-01 9.242303371429443359e-01 9.075979590415954590e-01 8.923147916793823242e-01 8.810326457023620605e-01 8.684484958648681641e-01 8.627000451087951660e-01 8.587581515312194824e-01 8.612367510795593262e-01 8.558661937713623047e-01 8.512593507766723633e-01 8.448965549468994141e-01 8.445888757705688477e-01 8.438394069671630859e-01 8.373349308967590332e-01 8.358087539672851562e-01 8.385243415832519531e-01 8.428255319595336914e-01 8.354072570800781250e-01 8.317353129386901855e-01 8.532346487045288086e-01 8.494681119918823242e-01 8.368235230445861816e-01 8.296731710433959961e-01 8.364676237106323242e-01 8.298050761222839355e-01 8.271563649177551270e-01 8.464965820312500000e-01 8.492426872253417969e-01
1.030196547508239746e+00 1.036422491073608398e+00 1.031783461570739746e+00 1.029074072837829590e+00 1.026928663253784180e+00 1.021539568901062012e+00 1.022208333015441895e+00 1.020021677017211914e+00 1.000686287879943848e+00 9.919760227203369141e-01 9.938170313835144043e-01 1.017483830451965332e+00 1.030182480812072754e+00 1.035134315490722656e+00 1.036974668502807617e+00 1.040638685226440430e+00 1.039082765579223633e+00 1.044968247413635254e+00 1.048319220542907715e+00 1.052778601646423340e+00 1.055282115936279297e+00 1.059304475784301758e+00 1.055879235267639160e+00 1.057682394981384277e+00 1.057050943374633789e+00 1.063331246376037598e+00 1.065209031105041504e+00 1.064565777778625488e+00 1.061648011207580566e+00 1.055285334587097168e+00 1.041309595108032227e+00 1.011264204978942871e+00 9.642810225486755371e-01 9.144117236137390137e-01 8.672188520431518555e-01 8.474385738372802734e-01 8.280344009399414062e-01 8.110655546188354492e-01 8.024210929870605469e-01 7.983196377754211426e-01 8.005353808403015137e-01 8.034751415252685547e-01 8.067141771316528320e-01 8.107306957244873047e-01 8.127387762069702148e-01 8.212543129920959473e-01 8.149878382682800293e-01 8.234296441078186035e-01 8.296835422515869141e-01 8.286423683166503906e-01 8.430874347686767578e-01 8.633641600608825684e-01 8.655220866203308105e-01 8.710730075836181641e-01 8.820441365242004395e-01 8.828979134559631348e-01 8.940276503562927246e-01 9.045549631118774414e-01 9.150272607803344727e-01 9.279914498329162598e-01 9.349176287651062012e-01 9.463234543800354004e-01 9.738537669181823730e-01 9.934321641921997070e-01 1.001666903495788574e+00 1.004428029060363770e+00 1.012393712997436523e+00 1.000582695007324219e+00 9.901015758514404297e-01 9.700990319252014160e-01 9.389154911041259766e-01 9.206452369689941406e-01 9.038656949996948242e-01 8.903144598007202148e-01 8.866100907325744629e-01 8.735821247100830078e-01 8.648400306701660156e-01 8.564762473106384277e-01 8.548647165298461914e-01 8.522583842277526855e-01 8.522523641586303711e-01 8.464311957359313965e-01 8.427172303199768066e-01 8.297158479690551758e-01 8.280066847801208496e-01 8.324412107467651367e-01 8.392727375030517578e-01 8.321258425712585449e-01 8.287200331687927246e-01 8.333587646484375000e-01 8.312264680862426758e-01 8.348137736320495605e-01 8.361909389495849609e-01 8.326743245124816895e-01 8.344480395317077637e-01 8.274242877960205078e-01 8.288915753364562988e-01 8.468083739280700684e-01 8.466249704360961914e-01
1.039294123649597168e+00 1.037247419357299805e+00 1.033684372901916504e+00 1.033859491348266602e+00 1.034254312515258789e+00 1.029904961585998535e+00 1.028417229652404785e+00 1.027763366699218750e+00 1.015549182891845703e+00 9.938170313835144043e-01 9.872178435325622559e-01 1.013742327690124512e+00 1.033386349678039551e+00 1.032239198684692383e+00 1.032233715057373047e+00 1.039872288703918457e+00 1.043257474899291992e+00 1.050335526466369629e+00 1.053898811340332031e+00 1.057512760162353516e+00 1.054713368415832520e+00 1.058102846145629883e+00 1.055590629577636719e+00 1.054603338241577148e+00 1.053741216659545898e+00 1.054806828498840332e+00 1.062812209129333496e+00 1.062052726745605469e+00 1.057708024978637695e+00 1.052921772003173828e+00 1.035519003868103027e+00 1.009411811828613281e+00 9.631022214889526367e-01 9.048436284065246582e-01 8.697064518928527832e-01 8.434411287307739258e-01 8.207354545593261719e-01 8.084244728088378906e-01 8.053663372993469238e-01 7.969819307327270508e-01 7.982264757156372070e-01 8.013619780540466309e-01 8.032970428466796875e-01 8.056557774543762207e-01 8.087418675422668457e-01 8.183248043060302734e-01 8.188793063163757324e-01 8.190587162971496582e-01 8.203496932983398438e-01 8.273797035217285156e-01 8.435325622558593750e-01 8.581772446632385254e-01 8.628801107406616211e-01 8.664830923080444336e-01 8.799974322319030762e-01 8.798588514328002930e-01 8.877674937248229980e-01 9.086303710937500000e-01 9.196016192436218262e-01 9.293814897537231445e-01 9.422075152397155762e-01 9.485967159271240234e-01 9.716909527778625488e-01 9.959668517112731934e-01 1.000302314758300781e+00 1.002431511878967285e+00 1.016438484191894531e+00 1.001626372337341309e+00 9.952813386917114258e-01 9.715607762336730957e-01 9.404763579368591309e-01 9.212058186531066895e-01 9.018430113792419434e-01 8.800668716430664062e-01 8.742876648902893066e-01 8.692619800567626953e-01 8.560509085655212402e-01 8.508911132812500000e-01 8.550596833229064941e-01 8.577052950859069824e-01 8.510475754737854004e-01 8.483841419219970703e-01 8.433519005775451660e-01 8.355808258056640625e-01 8.280555009841918945e-01 8.311637639999389648e-01 8.275027871131896973e-01 8.291605710983276367e-01 8.323759436607360840e-01 8.268989920616149902e-01 8.272858262062072754e-01 8.336053490638732910e-01 8.430750966072082520e-01 8.402760028839111328e-01 8.347853422164916992e-01 8.312245607376098633e-01 8.375379443168640137e-01 8.468493819236755371e-01 8.507680892944335938e-01
1.039720773696899414e+00 1.039183378219604492e+00 1.034912347793579102e+00 1.033016204833984375e+00 1.034570813179016113e+00 1.032053232192993164e+00 1.031344532966613770e+00 1.030530929565429688e+00 1.026492476463317871e+00 1.017483830451965332e+00 1.013742327690124512e+00 1.007800936698913574e+00 1.020291209220886230e+00 1.018355965614318848e+00 1.023484706878662109e+00 1.032414197921752930e+00 1.035541534423828125e+00 1.041943669319152832e+00 1.041995286941528320e+00 1.040869355201721191e+00 1.045199751853942871e+00 1.048630714416503906e+00 1.044754266738891602e+00 1.045785784721374512e+00 1.043188095092773438e+00 1.043402671813964844e+00 1.049459218978881836e+00 1.055805802345275879e+00 1.048363804817199707e+00 1.041028022766113281e+00 1.028470516204833984e+00 1.000326395034790039e+00 9.551157951354980469e-01 9.005115032196044922e-01 8.649025559425354004e-01 8.372270464897155762e-01 8.140369653701782227e-01 8.075314760208129883e-01 8.031075000762939453e-01 7.972972393035888672e-01 7.962808609008789062e-01 7.976973056793212891e-01 7.940969467163085938e-01 8.019109368324279785e-01 7.995202541351318359e-01 8.070095181465148926e-01 8.126878738403320312e-01 8.173638582229614258e-01 8.209292292594909668e-01 8.276452422142028809e-01 8.431644439697265625e-01 8.519814014434814453e-01 8.576541543006896973e-01 8.579617142677307129e-01 8.634532690048217773e-01 8.722712993621826172e-01 8.895258307456970215e-01 9.053389430046081543e-01 9.205433130264282227e-01 9.292408227920532227e-01 9.380504488945007324e-01 9.452961087226867676e-01 9.610587358474731445e-01 9.845407605171203613e-01 9.930890202522277832e-01 1.006541252136230469e+00 1.014193773269653320e+00 1.001637220382690430e+00 9.934778213500976562e-01 9.732043743133544922e-01 9.364606738090515137e-01 9.047107696533203125e-01 8.943723440170288086e-01 8.822844624519348145e-01 8.732836246490478516e-01 8.653097748756408691e-01 8.533947467803955078e-01 8.451493978500366211e-01 8.539179563522338867e-01 8.550572991371154785e-01 8.425728082656860352e-01 8.407281041145324707e-01 8.396239876747131348e-01 8.350097537040710449e-01 8.281747102737426758e-01 8.345386385917663574e-01 8.312750458717346191e-01 8.340950012207031250e-01 8.253821730613708496e-01 8.458113074302673340e-01 8.273945450782775879e-01 8.305423855781555176e-01 8.360780477523803711e-01 8.339514732360839844e-01 8.285746574401855469e-01 8.337633013725280762e-01 8.318836092948913574e-01 8.419722318649291992e-01 8.576115965843200684e-01
1.040199875831604004e+00 1.046159267425537109e+00 1.042291641235351562e+00 1.038320183753967285e+00 1.035160660743713379e+00 1.033015727996826172e+00 1.029517769813537598e+00 1.031050682067871094e+00 1.032437205314636230e+00 1.030182480812072754e+00 1.033386349678039551e+00 1.020291209220886230e+00 1.003057122230529785e+00 9.977908134460449219e-01 1.013421654701232910e+00 1.026366353034973145e+00 1.030965447425842285e+00 1.036974787712097168e+00 1.039192795753479004e+00 1.037966966629028320e+00 1.036503314971923828e+00 1.041705846786499023e+00 1.039471983909606934e+00 1.043600082397460938e+00 1.041387677192687988e+00 1.044744729995727539e+00 1.045281291007995605e+00 1.046410322189331055e+00 1.049637198448181152e+00 1.039929509162902832e+00 1.022947907447814941e+00 9.892449975013732910e-01 9.470573663711547852e-01 8.943689465522766113e-01 8.581700921058654785e-01 8.333888649940490723e-01 8.126291036605834961e-01 8.004605174064636230e-01 7.891787290573120117e-01 7.846826314926147461e-01 7.883749604225158691e-01 7.912653684616088867e-01 7.906510233879089355e-01 7.884120941162109375e-01 7.860755324363708496e-01 7.949628829956054688e-01 8.036975860595703125e-01 8.101956844329833984e-01 8.165567517280578613e-01 8.210790157318115234e-01 8.292267322540283203e-01 8.404635787010192871e-01 8.521088361740112305e-01 8.485151529312133789e-01 8.591966032981872559e-01 8.686291575431823730e-01 8.790255188941955566e-01 8.905680179595947266e-01 9.092920422554016113e-01 9.289135336875915527e-01 9.394705295562744141e-01 9.398990273475646973e-01 9.540471434593200684e-01 9.717177748680114746e-01 9.837002754211425781e-01 9.973975419998168945e-01 1.011486649513244629e+00 9.967628717422485352e-01 9.918144941329956055e-01 9.750123023986816406e-01 9.396517872810363770e-01 9.089072942733764648e-01 8.995175957679748535e-01 8.887462615966796875e-01 8.768044710159301758e-01 8.691732883453369141e-01 8.642535805702209473e-01 8.510533571243286133e-01 8.512466549873352051e-01 8.516815900802612305e-01 8.426273465156555176e-01 8.445699810981750488e-01 8.410358428955078125e-01 8.393340706825256348e-01 8.363602161407470703e-01 8.321373462677001953e-01 8.393803238868713379e-01 8.369714021682739258e-01 8.301354646682739258e-01 8.224229812622070312e-01 8.255212306976318359e-01 8.369887471199035645e-01 8.360544443130493164e-01 8.403384089469909668e-01 8.327094316482543945e-01 8.325158357620239258e-01 8.291696906089782715e-01 8.365757465362548828e-01 8.489450812339782715e-01
1.041772842407226562e+00 1.048745989799499512e+00 1.046205759048461914e+00 1.041951775550842285e+00 1.039001941680908203e+00 1.034020423889160156e+00 1.032085657119750977e+00 1.036796927452087402e+00 1.039707660675048828e+00 1.035134315490722656e+00 1.032239198684692383e+00 1.018355965614318848e+00 9.977908134460449219e-01 9.824212193489074707e-01 1.003432512283325195e+00 1.021631956100463867e+00 1.028743743896484375e+00 1.032447934150695801e+00 1.034679770469665527e+00 1.032671689987182617e+00 1.032305836677551270e+00 1.035067081451416016e+00 1.032565951347351074e+00 1.038183808326721191e+00 1.036766052246093750e+00 1.036944985389709473e+00 1.042160391807556152e+00 1.040390849113464355e+00 1.041942596435546875e+00 1.033712983131408691e+00 1.016425132751464844e+00 9.827090501785278320e-01 9.357113838195800781e-01 8.818423748016357422e-01 8.484612107276916504e-01 8.259855508804321289e-01 8.022309541702270508e-01 7.965279817581176758e-01 7.886421084403991699e-01 7.811853885650634766e-01 7.863551974296569824e-01 7.880063056945800781e-01 7.844983339309692383e-01 7.865520119667053223e-01 7.889090180397033691e-01 7.983862161636352539e-01 7.969294786453247070e-01 8.053303360939025879e-01 8.037568330764770508e-01 8.112630248069763184e-01 8.240825533866882324e-01 8.399235606193542480e-01 8.469445109367370605e-01 8.512954115867614746e-01 8.587437868118286133e-01 8.675091266632080078e-01 8.804186582565307617e-01 8.952337503433227539e-01 9.043849110603332520e-01 9.165337681770324707e-01 9.351240992546081543e-01 9.440757632255554199e-01 9.589813351631164551e-01 9.717758297920227051e-01 9.869983196258544922e-01 9.964281320571899414e-01 1.009248137474060059e+00 9.992659687995910645e-01 9.804294109344482422e-01 9.635403156280517578e-01 9.335139989852905273e-01 9.121879339218139648e-01 8.941751718521118164e-01 8.878041505813598633e-01 8.719832301139831543e-01 8.673461675643920898e-01 8.582072854042053223e-01 8.448694944381713867e-01 8.435451388359069824e-01 8.477197289466857910e-01 8.431167602539062500e-01 8.465828299522399902e-01 8.430237174034118652e-01 8.359712958335876465e-01 8.417481780052185059e-01 8.348795175552368164e-01 8.339295983314514160e-01 8.300276398658752441e-01 8.274034857749938965e-01 8.203922510147094727e-01 8.256345391273498535e-01 8.373150229454040527e-01 8.393869996070861816e-01 8.424278497695922852e-01 8.407180309295654297e-01 8.363856673240661621e-01 8.278596997261047363e-01 8.309976458549499512e-01 8.437726497650146484e-01
1.044099569320678711e+00 1.046649932861328125e+00 1.038709878921508789e+00 1.040571689605712891e+00 1.039741635322570801e+00 1.035281300544738770e+00 1.032400131225585938e+00 1.039482831954956055e+00 1.040821194648742676e+00 1.036974668502807617e+00 1.032233715057373047e+00 1.023484706878662109e+00 1.013421654701232910e+00 1.003432512283325195e+00 1.003294229507446289e+00 1.021365046501159668e+00 1.026083350181579590e+00 1.024830102920532227e+00 1.025702834129333496e+00 1.024882674217224121e+00 1.024837613105773926e+00 1.026798367500305176e+00 1.020266413688659668e+00 1.027754306793212891e+00 1.029983520507812500e+00 1.035238981246948242e+00 1.042155504226684570e+00 1.040801525115966797e+00 1.037785887718200684e+00 1.031861186027526855e+00 1.009166240692138672e+00 9.767960309982299805e-01 9.352393150329589844e-01 8.812214732170104980e-01 8.461502194404602051e-01 8.222042322158813477e-01 8.046851754188537598e-01 7.980784773826599121e-01 7.897137403488159180e-01 7.839580774307250977e-01 7.837073802947998047e-01 7.876232862472534180e-01 7.848088741302490234e-01 7.858187556266784668e-01 7.896620631217956543e-01 7.991833090782165527e-01 8.047032952308654785e-01 8.093667626380920410e-01 8.038601279258728027e-01 8.117156624794006348e-01 8.257013559341430664e-01 8.355907797813415527e-01 8.500133752822875977e-01 8.501560688018798828e-01 8.512554168701171875e-01 8.562088012695312500e-01 8.696169853210449219e-01 8.913513422012329102e-01 9.046567082405090332e-01 9.064741730690002441e-01 9.194217920303344727e-01 9.363337755203247070e-01 9.558502435684204102e-01 9.752042293548583984e-01 9.983907341957092285e-01 9.965587854385375977e-01 1.009934663772583008e+00 1.000536561012268066e+00 9.770289659500122070e-01 9.571967124938964844e-01 9.288145899772644043e-01 9.132690429687500000e-01 8.941461443901062012e-01 8.832444548606872559e-01 8.687330484390258789e-01 8.585273623466491699e-01 8.499026894569396973e-01 8.469178080558776855e-01 8.463757634162902832e-01 8.509403467178344727e-01 8.534569740295410156e-01 8.504599332809448242e-01 8.440877199172973633e-01 8.469621539115905762e-01 8.389322161674499512e-01 8.303664326667785645e-01 8.230288624763488770e-01 8.186994194984436035e-01 8.235794305801391602e-01 8.198607563972473145e-01 8.221568465232849121e-01 8.286998867988586426e-01 8.319469690322875977e-01 8.269330263137817383e-01 8.352665901184082031e-01 8.356330394744873047e-01 8.287079334259033203e-01 8.313843607902526855e-01 8.429003953933715820e-01
1.052383184432983398e+00 1.053978085517883301e+00 1.049997210502624512e+00 1.043206572532653809e+00 1.039592266082763672e+00 1.045099735260009766e+00 1.042672395706176758e+00 1.044954419136047363e+00 1.045453906059265137e+00 1.040638685226440430e+00 1.039872288703918457e+00 1.032414197921752930e+00 1.026366353034973145e+00 1.021631956100463867e+00 1.021365046501159668e+00 1.007397890090942383e+00 1.007093548774719238e+00 1.015020728111267090e+00 1.021672129631042480e+00 1.022938251495361328e+00 1.023513078689575195e+00 1.025399684906005859e+00 1.021097302436828613e+00 1.031034946441650391e+00 1.032743573188781738e+00 1.041079640388488770e+00 1.043523430824279785e+00 1.042769193649291992e+00 1.042998790740966797e+00 1.035055518150329590e+00 1.014550805091857910e+00 9.839578270912170410e-01 9.371827840805053711e-01 8.800688385963439941e-01 8.416180610656738281e-01 8.255021572113037109e-01 8.067666888236999512e-01 7.954660058021545410e-01 7.851557731628417969e-01 7.829503417015075684e-01 7.820336818695068359e-01 7.918074727058410645e-01 7.866262197494506836e-01 7.861499190330505371e-01 7.869284152984619141e-01 7.976369261741638184e-01 8.034831285476684570e-01 8.139572143554687500e-01 8.114179372787475586e-01 8.171877264976501465e-01 8.278255462646484375e-01 8.372015953063964844e-01 8.514789342880249023e-01 8.504023551940917969e-01 8.562477231025695801e-01 8.619081974029541016e-01 8.734636902809143066e-01 8.811786174774169922e-01 8.961901068687438965e-01 9.001917243003845215e-01 9.227253794670104980e-01 9.369447231292724609e-01 9.544469714164733887e-01 9.764684438705444336e-01 9.997546076774597168e-01 1.010526537895202637e+00 1.017754793167114258e+00 1.003475904464721680e+00 9.793654680252075195e-01 9.618326425552368164e-01 9.393550157546997070e-01 9.203494191169738770e-01 9.043266773223876953e-01 8.921735882759094238e-01 8.705322146415710449e-01 8.590574860572814941e-01 8.521757721900939941e-01 8.522477746009826660e-01 8.591570854187011719e-01 8.484783172607421875e-01 8.474775552749633789e-01 8.487353920936584473e-01 8.453944325447082520e-01 8.479961156845092773e-01 8.470960855484008789e-01 8.374331593513488770e-01 8.283265829086303711e-01 8.318266868591308594e-01 8.364451527595520020e-01 8.350860476493835449e-01 8.224731683731079102e-01 8.307651877403259277e-01 8.296057581901550293e-01 8.293558359146118164e-01 8.390068411827087402e-01 8.395704627037048340e-01 8.343135118484497070e-01 8.388147354125976562e-01 8.534542918205261230e-01
