1.007917046546936035e+00 1.024858355522155762e+00 1.029731750488281250e+00 1.027031302452087402e+00 1.020647168159484863e+00 1.016203403472900391e+00 1.014474987983703613e+00 1.010982275009155273e+00 1.004909276962280273e+00 1.012462139129638672e+00 1.007827281951904297e+00 1.012750387191772461e+00 1.017964005470275879e+00 1.011045813560485840e+00 1.007451415061950684e+00 1.004612922668457031e+00 1.005395770072937012e+00 1.010349631309509277e+00 1.015122413635253906e+00 1.024827837944030762e+00 1.033525228500366211e+00 1.033143401145935059e+00 1.028180599212646484e+00 1.045127034187316895e+00 1.045868635177612305e+00 1.049027323722839355e+00 1.058217167854309082e+00 1.058539152145385742e+00 1.062614917755126953e+00 1.052086949348449707e+00 1.056665658950805664e+00 1.048041343688964844e+00 1.023809790611267090e+00 9.896717667579650879e-01 9.509534239768981934e-01 9.393526315689086914e-01 9.240972399711608887e-01 9.200164079666137695e-01 9.024308323860168457e-01 8.845078945159912109e-01 8.855660557746887207e-01 8.743782043457031250e-01 8.733729720115661621e-01 8.673471808433532715e-01 8.731874823570251465e-01 8.764436244964599609e-01 8.729675412178039551e-01 8.750316500663757324e-01 8.776664733886718750e-01 8.766650557518005371e-01 8.784075975418090820e-01 8.731012940406799316e-01 8.762100338935852051e-01 8.801869153976440430e-01 8.850538730621337891e-01 9.087384343147277832e-01 9.061425924301147461e-01 9.136580824851989746e-01 9.187436699867248535e-01 9.238958954811096191e-01 9.414132237434387207e-01 9.463365077972412109e-01 9.795090556144714355e-01 9.830050468444824219e-01 9.885941147804260254e-01 9.853874444961547852e-01 9.839479327201843262e-01 9.689566493034362793e-01 9.416530728340148926e-01 9.250337481498718262e-01 9.012418389320373535e-01 8.918725252151489258e-01 8.643977642059326172e-01 8.688547015190124512e-01 8.405137062072753906e-01 8.388603329658508301e-01 8.348824977874755859e-01 8.303303718566894531e-01 8.343747258186340332e-01 8.358160257339477539e-01 8.265072107315063477e-01 8.125143051147460938e-01 8.146470785140991211e-01 8.209062218666076660e-01 8.261595368385314941e-01 8.255992531776428223e-01 8.314182758331298828e-01 8.238351345062255859e-01 8.188169002532958984e-01 8.239429593086242676e-01 8.215419054031372070e-01 8.290567398071289062e-01 8.313068747520446777e-01 8.191840052604675293e-01 8.161807060241699219e-01 8.288413286209106445e-01 8.340012431144714355e-01 8.312661051750183105e-01 8.278889656066894531e-01
1.024858355522155762e+00 1.018711209297180176e+00 1.024543642997741699e+00 1.033777117729187012e+00 1.036486029624938965e+00 1.039581775665283203e+00 1.031879305839538574e+00 1.026307821273803711e+00 1.022738456726074219e+00 1.024692177772521973e+00 1.018003225326538086e+00 1.028141021728515625e+00 1.026446580886840820e+00 1.017158627510070801e+00 1.012955188751220703e+00 1.016598224639892578e+00 1.011648178100585938e+00 1.014104843139648438e+00 1.022774815559387207e+00 1.033093690872192383e+00 1.035631537437438965e+00 1.033747315406799316e+00 1.034640192985534668e+00 1.043561339378356934e+00 1.044288158416748047e+00 1.051705479621887207e+00 1.057855129241943359e+00 1.056572437286376953e+00 1.057597875595092773e+00 1.059140205383300781e+00 1.054649710655212402e+00 1.044530034065246582e+00 1.029874086380004883e+00 9.899819493293762207e-01 9.562293887138366699e-01 9.397361874580383301e-01 9.249704480171203613e-01 9.108516573905944824e-01 9.033151268959045410e-01 8.891368508338928223e-01 8.845919966697692871e-01 8.733299374580383301e-01 8.660331964492797852e-01 8.621584773063659668e-01 8.631238341331481934e-01 8.656771183013916016e-01 8.700857758522033691e-01 8.779895305633544922e-01 8.792296051979064941e-01 8.744797110557556152e-01 8.730065226554870605e-01 8.713146448135375977e-01 8.755659461021423340e-01 8.867077827453613281e-01 8.894347548484802246e-01 8.955184221267700195e-01 8.942795991897583008e-01 9.128077626228332520e-01 9.224434494972229004e-01 9.280166029930114746e-01 9.322305917739868164e-01 9.390594959259033203e-01 9.759001135826110840e-01 9.765302538871765137e-01 9.872969985008239746e-01 9.912519454956054688e-01 9.809374809265136719e-01 9.675309658050537109e-01 9.379124045372009277e-01 9.174683094024658203e-01 8.904025554656982422e-01 8.782624006271362305e-01 8.643508553504943848e-01 8.685550093650817871e-01 8.410633802413940430e-01 8.390994668006896973e-01 8.311953544616699219e-01 8.260501027107238770e-01 8.302327990531921387e-01 8.372628092765808105e-01 8.338733315467834473e-01 8.191142082214355469e-01 8.100747466087341309e-01 8.290506005287170410e-01 8.318040966987609863e-01 8.336983919143676758e-01 8.324009180068969727e-01 8.341014981269836426e-01 8.294259905815124512e-01 8.389641046524047852e-01 8.265190124511718750e-01 8.297610282897949219e-01 8.200345039367675781e-01 8.301982879638671875e-01 8.373441696166992188e-01 8.399397730827331543e-01 8.382753133773803711e-01 8.368354439735412598e-01 8.338963985443115234e-01
1.029731750488281250e+00 1.024543642997741699e+00 1.027229785919189453e+00 1.037629246711730957e+00 1.043096065521240234e+00 1.050759911537170410e+00 1.044061899185180664e+00 1.037801027297973633e+00 1.030750036239624023e+00 1.035854220390319824e+00 1.029278397560119629e+00 1.032203316688537598e+00 1.026254057884216309e+00 1.019895315170288086e+00 1.014324307441711426e+00 1.019396781921386719e+00 1.018470764160156250e+00 1.019488811492919922e+00 1.022654175758361816e+00 1.026672959327697754e+00 1.039316177368164062e+00 1.043211102485656738e+00 1.038447856903076172e+00 1.045243978500366211e+00 1.043089628219604492e+00 1.053689837455749512e+00 1.048717856407165527e+00 1.049064278602600098e+00 1.054061412811279297e+00 1.055051088333129883e+00 1.058721542358398438e+00 1.042554974555969238e+00 1.018100619316101074e+00 9.782493710517883301e-01 9.529139399528503418e-01 9.387946724891662598e-01 9.221122860908508301e-01 9.027805924415588379e-01 8.972184062004089355e-01 8.863440752029418945e-01 8.868860006332397461e-01 8.789612650871276855e-01 8.687137961387634277e-01 8.584694266319274902e-01 8.607516884803771973e-01 8.602511286735534668e-01 8.643376827239990234e-01 8.724136948585510254e-01 8.777503371238708496e-01 8.684994578361511230e-01 8.631478548049926758e-01 8.622934818267822266e-01 8.685535788536071777e-01 8.807045221328735352e-01 8.813028335571289062e-01 8.793776631355285645e-01 8.851318955421447754e-01 9.023563265800476074e-01 9.218748807907104492e-01 9.274841547012329102e-01 9.368370175361633301e-01 9.389333128929138184e-01 9.630771875381469727e-01 9.695637226104736328e-01 9.910661578178405762e-01 9.889201521873474121e-01 9.772731065750122070e-01 9.541941285133361816e-01 9.198911786079406738e-01 9.129074215888977051e-01 8.912085294723510742e-01 8.849261999130249023e-01 8.596719503402709961e-01 8.660672307014465332e-01 8.400282263755798340e-01 8.431625962257385254e-01 8.376009464263916016e-01 8.197849988937377930e-01 8.165521025657653809e-01 8.274975419044494629e-01 8.298713564872741699e-01 8.233800530433654785e-01 8.192658424377441406e-01 8.210871815681457520e-01 8.364303708076477051e-01 8.334624171257019043e-01 8.401011824607849121e-01 8.312233090400695801e-01 8.321768045425415039e-01 8.299254775047302246e-01 8.257409930229187012e-01 8.348723649978637695e-01 8.284454941749572754e-01 8.251087069511413574e-01 8.402745723724365234e-01 8.503959774971008301e-01 8.338045477867126465e-01 8.219121098518371582e-01 8.320115208625793457e-01
1.027031302452087402e+00 1.033777117729187012e+00 1.037629246711730957e+00 1.035227060317993164e+00 1.043876647949218750e+00 1.053165197372436523e+00 1.050654888153076172e+00 1.042718529701232910e+00 1.033600807189941406e+00 1.033482313156127930e+00 1.031260013580322266e+00 1.033039689064025879e+00 1.022725462913513184e+00 1.019439339637756348e+00 1.018557667732238770e+00 1.020924210548400879e+00 1.017614364624023438e+00 1.019335389137268066e+00 1.025864958763122559e+00 1.032221913337707520e+00 1.039356589317321777e+00 1.039375782012939453e+00 1.035380363464355469e+00 1.045420646667480469e+00 1.050107359886169434e+00 1.055217027664184570e+00 1.055735826492309570e+00 1.053981781005859375e+00 1.053931236267089844e+00 1.054731607437133789e+00 1.050628304481506348e+00 1.040084242820739746e+00 1.021164655685424805e+00 9.783141613006591797e-01 9.480650424957275391e-01 9.371286034584045410e-01 9.158161282539367676e-01 8.937849402427673340e-01 8.928473591804504395e-01 8.840894103050231934e-01 8.794262409210205078e-01 8.714877963066101074e-01 8.661346435546875000e-01 8.617762327194213867e-01 8.638626337051391602e-01 8.619573712348937988e-01 8.678175210952758789e-01 8.682907819747924805e-01 8.707206249237060547e-01 8.768173456192016602e-01 8.747699260711669922e-01 8.628597855567932129e-01 8.703421950340270996e-01 8.798906207084655762e-01 8.738548159599304199e-01 8.768075108528137207e-01 8.856110572814941406e-01 8.964955806732177734e-01 9.203286170959472656e-01 9.217404127120971680e-01 9.326702952384948730e-01 9.428052902221679688e-01 9.660893678665161133e-01 9.686823487281799316e-01 9.837382435798645020e-01 9.803290367126464844e-01 9.712029099464416504e-01 9.515872597694396973e-01 9.271232485771179199e-01 9.044869542121887207e-01 8.870673775672912598e-01 8.856508135795593262e-01 8.690984845161437988e-01 8.620163798332214355e-01 8.402780890464782715e-01 8.372063040733337402e-01 8.302253484725952148e-01 8.242732882499694824e-01 8.247492909431457520e-01 8.305252194404602051e-01 8.356508612632751465e-01 8.327946662902832031e-01 8.227269649505615234e-01 8.341524600982666016e-01 8.297560214996337891e-01 8.262994289398193359e-01 8.411808609962463379e-01 8.352426886558532715e-01 8.342209458351135254e-01 8.351345658302307129e-01 8.311804533004760742e-01 8.382991552352905273e-01 8.365875482559204102e-01 8.279858231544494629e-01 8.514789342880249023e-01 8.512747287750244141e-01 8.431877493858337402e-01 8.438937067985534668e-01 8.342536687850952148e-01
1.020647168159484863e+00 1.036486029624938965e+00 1.043096065521240234e+00 1.043876647949218750e+00 1.036252498626708984e+00 1.037877321243286133e+00 1.049278736114501953e+00 1.049189090728759766e+00 1.039927124977111816e+00 1.037708282470703125e+00 1.030654311180114746e+00 1.035981059074401855e+00 1.030307531356811523e+00 1.024635314941406250e+00 1.025108098983764648e+00 1.027447223663330078e+00 1.021720170974731445e+00 1.022000551223754883e+00 1.026528835296630859e+00 1.031265258789062500e+00 1.041332840919494629e+00 1.042555928230285645e+00 1.039424538612365723e+00 1.051126956939697266e+00 1.049797415733337402e+00 1.050156831741333008e+00 1.049486160278320312e+00 1.046722769737243652e+00 1.048329353332519531e+00 1.052772283554077148e+00 1.042915582656860352e+00 1.037014842033386230e+00 1.017945766448974609e+00 9.770889282226562500e-01 9.411995410919189453e-01 9.343275427818298340e-01 9.124250411987304688e-01 8.923276066780090332e-01 8.844355940818786621e-01 8.787488341331481934e-01 8.722720742225646973e-01 8.641825914382934570e-01 8.648166060447692871e-01 8.641902208328247070e-01 8.602874279022216797e-01 8.557633161544799805e-01 8.604624271392822266e-01 8.624573945999145508e-01 8.628819584846496582e-01 8.746359348297119141e-01 8.617922067642211914e-01 8.673491477966308594e-01 8.720014095306396484e-01 8.744028210639953613e-01 8.711538314819335938e-01 8.735072612762451172e-01 8.811617493629455566e-01 8.925395011901855469e-01 9.115799069404602051e-01 9.140656590461730957e-01 9.227366447448730469e-01 9.356308579444885254e-01 9.633801579475402832e-01 9.742671847343444824e-01 9.790343642234802246e-01 9.741186499595642090e-01 9.761285185813903809e-01 9.522258639335632324e-01 9.210690855979919434e-01 9.012961983680725098e-01 8.946185708045959473e-01 8.823341131210327148e-01 8.751719594001770020e-01 8.703966736793518066e-01 8.467444777488708496e-01 8.438464999198913574e-01 8.225747942924499512e-01 8.219069838523864746e-01 8.230317831039428711e-01 8.314592242240905762e-01 8.343779444694519043e-01 8.280494809150695801e-01 8.210004568099975586e-01 8.328878283500671387e-01 8.246028423309326172e-01 8.224896788597106934e-01 8.399149775505065918e-01 8.459093570709228516e-01 8.370273113250732422e-01 8.344618678092956543e-01 8.348615765571594238e-01 8.257541060447692871e-01 8.243955373764038086e-01 8.249844312667846680e-01 8.379762172698974609e-01 8.451522588729858398e-01 8.346799015998840332e-01 8.264757394790649414e-01 8.324207067489624023e-01
1.016203403472900391e+00 1.039581775665283203e+00 1.050759911537170410e+00 1.053165197372436523e+00 1.037877321243286133e+00 1.031660795211791992e+00 1.035683155059814453e+00 1.048996448516845703e+00 1.045175313949584961e+00 1.047581195831298828e+00 1.038848042488098145e+00 1.044608235359191895e+00 1.040424704551696777e+00 1.037426352500915527e+00 1.038019061088562012e+00 1.034805536270141602e+00 1.031791925430297852e+00 1.026419997215270996e+00 1.030504822731018066e+00 1.040184378623962402e+00 1.047902107238769531e+00 1.047113180160522461e+00 1.048943519592285156e+00 1.059254527091979980e+00 1.060957193374633789e+00 1.056151866912841797e+00 1.051253676414489746e+00 1.050785064697265625e+00 1.052659749984741211e+00 1.053092479705810547e+00 1.041949629783630371e+00 1.035022020339965820e+00 1.012241482734680176e+00 9.759461879730224609e-01 9.512459039688110352e-01 9.413476586341857910e-01 9.136348962783813477e-01 8.876304030418395996e-01 8.855254054069519043e-01 8.775348663330078125e-01 8.777235150337219238e-01 8.763514161109924316e-01 8.770790696144104004e-01 8.624234795570373535e-01 8.625670075416564941e-01 8.551936149597167969e-01 8.582109808921813965e-01 8.634603619575500488e-01 8.682495951652526855e-01 8.714016079902648926e-01 8.580982089042663574e-01 8.668503761291503906e-01 8.721524477005004883e-01 8.771207332611083984e-01 8.759850859642028809e-01 8.800524473190307617e-01 8.826012015342712402e-01 8.980718255043029785e-01 9.083260893821716309e-01 9.136129617691040039e-01 9.310949444770812988e-01 9.368807077407836914e-01 9.694982767105102539e-01 9.727337360382080078e-01 9.807861447334289551e-01 9.775443077087402344e-01 9.677578210830688477e-01 9.458053708076477051e-01 9.276620745658874512e-01 9.048374295234680176e-01 8.947541117668151855e-01 8.813550472259521484e-01 8.722863793373107910e-01 8.736847639083862305e-01 8.601431846618652344e-01 8.616328835487365723e-01 8.522958159446716309e-01 8.324180245399475098e-01 8.232451677322387695e-01 8.400352001190185547e-01 8.397815227508544922e-01 8.261033296585083008e-01 8.237403631210327148e-01 8.305062651634216309e-01 8.281398415565490723e-01 8.356619477272033691e-01 8.416516184806823730e-01 8.304581046104431152e-01 8.323825597763061523e-01 8.448905944824218750e-01 8.275097608566284180e-01 8.238807320594787598e-01 8.351954817771911621e-01 8.357359766960144043e-01 8.371595144271850586e-01 8.352411985397338867e-01 8.399137854576110840e-01 8.357052206993103027e-01 8.401448726654052734e-01
1.014474987983703613e+00 1.031879305839538574e+00 1.044061899185180664e+00 1.050654888153076172e+00 1.049278736114501953e+00 1.035683155059814453e+00 1.030369400978088379e+00 1.041571140289306641e+00 1.050243496894836426e+00 1.056201338768005371e+00 1.042697906494140625e+00 1.045602917671203613e+00 1.042255759239196777e+00 1.039442181587219238e+00 1.040687322616577148e+00 1.043314456939697266e+00 1.034456014633178711e+00 1.026658415794372559e+00 1.031592726707458496e+00 1.039605975151062012e+00 1.048826217651367188e+00 1.047254920005798340e+00 1.047048568725585938e+00 1.052811741828918457e+00 1.051663160324096680e+00 1.054672718048095703e+00 1.048621177673339844e+00 1.049024462699890137e+00 1.047517299652099609e+00 1.043809413909912109e+00 1.044263958930969238e+00 1.031533718109130859e+00 1.009414315223693848e+00 9.677782058715820312e-01 9.380337595939636230e-01 9.265733361244201660e-01 9.121418595314025879e-01 8.851023912429809570e-01 8.759546279907226562e-01 8.677806854248046875e-01 8.741241693496704102e-01 8.683326244354248047e-01 8.746355175971984863e-01 8.620526790618896484e-01 8.561230897903442383e-01 8.557381629943847656e-01 8.548563718795776367e-01 8.625205159187316895e-01 8.690629005432128906e-01 8.691065311431884766e-01 8.620467782020568848e-01 8.551104664802551270e-01 8.594995737075805664e-01 8.734073638916015625e-01 8.719140887260437012e-01 8.799947500228881836e-01 8.882218599319458008e-01 8.980832099914550781e-01 9.035300016403198242e-01 9.124270081520080566e-01 9.201802015304565430e-01 9.287727475166320801e-01 9.564564824104309082e-01 9.629407525062561035e-01 9.682536721229553223e-01 9.687671065330505371e-01 9.697109460830688477e-01 9.413939118385314941e-01 9.159720540046691895e-01 8.989867568016052246e-01 8.812179565429687500e-01 8.750105500221252441e-01 8.636538386344909668e-01 8.739026784896850586e-01 8.522429466247558594e-01 8.571555018424987793e-01 8.646494746208190918e-01 8.636766076087951660e-01 8.435600399971008301e-01 8.401865363121032715e-01 8.263991475105285645e-01 8.235919475555419922e-01 8.150618076324462891e-01 8.247051835060119629e-01 8.256508111953735352e-01 8.319014906883239746e-01 8.241277933120727539e-01 8.182496428489685059e-01 8.186374306678771973e-01 8.356283903121948242e-01 8.310340046882629395e-01 8.243605494499206543e-01 8.305680155754089355e-01 8.306093811988830566e-01 8.399574756622314453e-01 8.366681933403015137e-01 8.368597626686096191e-01 8.356908559799194336e-01 8.382072448730468750e-01
1.010982275009155273e+00 1.026307821273803711e+00 1.037801027297973633e+00 1.042718529701232910e+00 1.049189090728759766e+00 1.048996448516845703e+00 1.041571140289306641e+00 1.039128065109252930e+00 1.048922181129455566e+00 1.052967190742492676e+00 1.039143204689025879e+00 1.043868303298950195e+00 1.043530702590942383e+00 1.046007752418518066e+00 1.043229699134826660e+00 1.046624422073364258e+00 1.040778875350952148e+00 1.029536724090576172e+00 1.031631827354431152e+00 1.033075094223022461e+00 1.043649554252624512e+00 1.049276232719421387e+00 1.048410296440124512e+00 1.047662377357482910e+00 1.051591753959655762e+00 1.059545159339904785e+00 1.053285717964172363e+00 1.048315644264221191e+00 1.042927622795104980e+00 1.041661977767944336e+00 1.040427207946777344e+00 1.025612115859985352e+00 1.003018617630004883e+00 9.625461101531982422e-01 9.283889532089233398e-01 9.189548492431640625e-01 9.058341979980468750e-01 8.818112015724182129e-01 8.771087527275085449e-01 8.665226697921752930e-01 8.698737025260925293e-01 8.678510785102844238e-01 8.623727560043334961e-01 8.549173474311828613e-01 8.538715839385986328e-01 8.530713915824890137e-01 8.540616631507873535e-01 8.614188432693481445e-01 8.622549772262573242e-01 8.677556514739990234e-01 8.497560024261474609e-01 8.419673442840576172e-01 8.497329354286193848e-01 8.654376864433288574e-01 8.671328425407409668e-01 8.714826107025146484e-01 8.856223225593566895e-01 8.920327425003051758e-01 8.922916650772094727e-01 8.959989547729492188e-01 9.127122163772583008e-01 9.221102595329284668e-01 9.498152136802673340e-01 9.605163335800170898e-01 9.708213806152343750e-01 9.686128497123718262e-01 9.601055383682250977e-01 9.414152503013610840e-01 9.097193479537963867e-01 8.915915489196777344e-01 8.778736591339111328e-01 8.736169934272766113e-01 8.622767329216003418e-01 8.650620579719543457e-01 8.453765511512756348e-01 8.473939895629882812e-01 8.398043513298034668e-01 8.517542481422424316e-01 8.544907569885253906e-01 8.463138341903686523e-01 8.377617001533508301e-01 8.305943012237548828e-01 8.191441297531127930e-01 8.125485777854919434e-01 8.287773728370666504e-01 8.351325392723083496e-01 8.334143161773681641e-01 8.165551424026489258e-01 8.119088411331176758e-01 8.278984427452087402e-01 8.248319029808044434e-01 8.222789764404296875e-01 8.243064284324645996e-01 8.307058215141296387e-01 8.354629278182983398e-01 8.434362411499023438e-01 8.339051604270935059e-01 8.298879861831665039e-01 8.348149061203002930e-01
1.004909276962280273e+00 1.022738456726074219e+00 1.030750036239624023e+00 1.033600807189941406e+00 1.039927124977111816e+00 1.045175313949584961e+00 1.050243496894836426e+00 1.048922181129455566e+00 1.040937662124633789e+00 1.040344715118408203e+00 1.038250207901000977e+00 1.044332027435302734e+00 1.044015169143676758e+00 1.048360943794250488e+00 1.044369578361511230e+00 1.041863083839416504e+00 1.042219996452331543e+00 1.035215735435485840e+00 1.030979752540588379e+00 1.035026669502258301e+00 1.043926477432250977e+00 1.046356797218322754e+00 1.047525882720947266e+00 1.050096750259399414e+00 1.054959774017333984e+00 1.059520840644836426e+00 1.053429961204528809e+00 1.049149155616760254e+00 1.051438808441162109e+00 1.043073654174804688e+00 1.035952925682067871e+00 1.025917291641235352e+00 1.002264976501464844e+00 9.605414271354675293e-01 9.287495017051696777e-01 9.151519536972045898e-01 8.951389789581298828e-01 8.751972317695617676e-01 8.730797767639160156e-01 8.623735904693603516e-01 8.632628321647644043e-01 8.667528033256530762e-01 8.592036962509155273e-01 8.538926839828491211e-01 8.478227257728576660e-01 8.508568406105041504e-01 8.510943055152893066e-01 8.531248569488525391e-01 8.564434647560119629e-01 8.613938689231872559e-01 8.459961414337158203e-01 8.403620123863220215e-01 8.446184396743774414e-01 8.597748875617980957e-01 8.643042445182800293e-01 8.659338951110839844e-01 8.773126006126403809e-01 8.861146569252014160e-01 8.989348411560058594e-01 9.031415581703186035e-01 9.093705415725708008e-01 9.173964262008666992e-01 9.480823278427124023e-01 9.645615220069885254e-01 9.659307599067687988e-01 9.599184393882751465e-01 9.562309980392456055e-01 9.383956193923950195e-01 9.127048254013061523e-01 8.991495370864868164e-01 8.800106644630432129e-01 8.722529411315917969e-01 8.643798828125000000e-01 8.650687932968139648e-01 8.524195551872253418e-01 8.382536172866821289e-01 8.343679308891296387e-01 8.410558700561523438e-01 8.450593352317810059e-01 8.473475575447082520e-01 8.346198797225952148e-01 8.273326158523559570e-01 8.265461921691894531e-01 8.141382932662963867e-01 8.195661306381225586e-01 8.278137445449829102e-01 8.279914855957031250e-01 8.180863261222839355e-01 8.124036192893981934e-01 8.214635848999023438e-01 8.231118917465209961e-01 8.270042538642883301e-01 8.429511785507202148e-01 8.461161851882934570e-01 8.370665907859802246e-01 8.461510539054870605e-01 8.534986376762390137e-01 8.431376814842224121e-01 8.351336121559143066e-01
1.012462139129638672e+00 1.024692177772521973e+00 1.035854220390319824e+00 1.033482313156127930e+00 1.037708282470703125e+00 1.047581195831298828e+00 1.056201338768005371e+00 1.052967190742492676e+00 1.040344715118408203e+00 1.019285678863525391e+00 1.022169351577758789e+00 1.036267161369323730e+00 1.041075587272644043e+00 1.045367717742919922e+00 1.043689370155334473e+00 1.039970517158508301e+00 1.033409118652343750e+00 1.026410102844238281e+00 1.025610089302062988e+00 1.031307220458984375e+00 1.038914203643798828e+00 1.042129158973693848e+00 1.043205499649047852e+00 1.047971487045288086e+00 1.042256593704223633e+00 1.049479246139526367e+00 1.054614782333374023e+00 1.051691770553588867e+00 1.044728994369506836e+00 1.041128754615783691e+00 1.032620191574096680e+00 1.028160572052001953e+00 1.003724694252014160e+00 9.582902193069458008e-01 9.294094443321228027e-01 9.117803573608398438e-01 8.960901498794555664e-01 8.726394176483154297e-01 8.616099357604980469e-01 8.577411770820617676e-01 8.559262752532958984e-01 8.570109605789184570e-01 8.536614179611206055e-01 8.474290966987609863e-01 8.419029116630554199e-01 8.452883958816528320e-01 8.468316197395324707e-01 8.566171526908874512e-01 8.589125275611877441e-01 8.539935350418090820e-01 8.462858796119689941e-01 8.449580669403076172e-01 8.479795455932617188e-01 8.582451343536376953e-01 8.554515838623046875e-01 8.623843193054199219e-01 8.736956715583801270e-01 8.885902166366577148e-01 8.981488943099975586e-01 9.104592800140380859e-01 9.136486649513244629e-01 9.247143864631652832e-01 9.486648440361022949e-01 9.610162377357482910e-01 9.600048661231994629e-01 9.572854638099670410e-01 9.638403058052062988e-01 9.359471201896667480e-01 9.123930335044860840e-01 9.038798809051513672e-01 8.752213716506958008e-01 8.686045408248901367e-01 8.643062710762023926e-01 8.696963787078857422e-01 8.483331799507141113e-01 8.377641439437866211e-01 8.310524821281433105e-01 8.322265744209289551e-01 8.365576863288879395e-01 8.483621478080749512e-01 8.420355319976806641e-01 8.261076807975769043e-01 8.192363381385803223e-01 8.103742003440856934e-01 8.208200335502624512e-01 8.198420405387878418e-01 8.207626342773437500e-01 8.168144226074218750e-01 8.208866715431213379e-01 8.206191062927246094e-01 8.252849578857421875e-01 8.323360085487365723e-01 8.407819867134094238e-01 8.443948626518249512e-01 8.384124636650085449e-01 8.512638807296752930e-01 8.586310148239135742e-01 8.520380258560180664e-01 8.481581807136535645e-01
1.007827281951904297e+00 1.018003225326538086e+00 1.029278397560119629e+00 1.031260013580322266e+00 1.030654311180114746e+00 1.038848042488098145e+00 1.042697906494140625e+00 1.039143204689025879e+00 1.038250207901000977e+00 1.022169351577758789e+00 1.029273271560668945e+00 1.029765248298645020e+00 1.035417437553405762e+00 1.041759729385375977e+00 1.039703011512756348e+00 1.040983319282531738e+00 1.031832098960876465e+00 1.018920779228210449e+00 1.017397880554199219e+00 1.025883078575134277e+00 1.030488014221191406e+00 1.030537724494934082e+00 1.030123472213745117e+00 1.038427472114562988e+00 1.040159106254577637e+00 1.042056918144226074e+00 1.043614506721496582e+00 1.045093536376953125e+00 1.035565376281738281e+00 1.034556508064270020e+00 1.027884125709533691e+00 1.022807121276855469e+00 9.967538714408874512e-01 9.533669352531433105e-01 9.201633334159851074e-01 9.023458361625671387e-01 8.856072425842285156e-01 8.657214641571044922e-01 8.505933880805969238e-01 8.402404785156250000e-01 8.426457047462463379e-01 8.469279408454895020e-01 8.412685990333557129e-01 8.343728780746459961e-01 8.343138694763183594e-01 8.392374515533447266e-01 8.351373672485351562e-01 8.381530046463012695e-01 8.479632139205932617e-01 8.506011366844177246e-01 8.340498208999633789e-01 8.382229804992675781e-01 8.433659076690673828e-01 8.487193584442138672e-01 8.500651121139526367e-01 8.559716939926147461e-01 8.644331693649291992e-01 8.761350512504577637e-01 8.886945247650146484e-01 8.940559625625610352e-01 9.157565832138061523e-01 9.245008826255798340e-01 9.376796483993530273e-01 9.534510374069213867e-01 9.613894224166870117e-01 9.595608115196228027e-01 9.617308974266052246e-01 9.337353110313415527e-01 9.026596546173095703e-01 8.921514153480529785e-01 8.752314448356628418e-01 8.645218610763549805e-01 8.566800355911254883e-01 8.554605245590209961e-01 8.420506715774536133e-01 8.292133212089538574e-01 8.154278993606567383e-01 8.213444352149963379e-01 8.319306969642639160e-01 8.376513123512268066e-01 8.340438604354858398e-01 8.228816986083984375e-01 8.144283890724182129e-01 8.081610202789306641e-01 8.131268620491027832e-01 8.073791265487670898e-01 8.174279928207397461e-01 8.248413205146789551e-01 8.207151889801025391e-01 8.204011917114257812e-01 8.188710212707519531e-01 8.328174948692321777e-01 8.347740173339843750e-01 8.334749937057495117e-01 8.447161912918090820e-01 8.487263321876525879e-01 8.549200296401977539e-01 8.431974053382873535e-01 8.346405625343322754e-01
1.012750387191772461e+00 1.028141021728515625e+00 1.032203316688537598e+00 1.033039689064025879e+00 1.035981059074401855e+00 1.044608235359191895e+00 1.045602917671203613e+00 1.043868303298950195e+00 1.044332027435302734e+00 1.036267161369323730e+00 1.029765248298645020e+00 1.023632049560546875e+00 1.028743863105773926e+00 1.041714310646057129e+00 1.042006373405456543e+00 1.044040322303771973e+00 1.036217331886291504e+00 1.023011207580566406e+00 1.022672176361083984e+00 1.023968219757080078e+00 1.032966971397399902e+00 1.028475165367126465e+00 1.028324842453002930e+00 1.036090850830078125e+00 1.035877227783203125e+00 1.038478255271911621e+00 1.039736747741699219e+00 1.040919423103332520e+00 1.036900162696838379e+00 1.037807583808898926e+00 1.032368779182434082e+00 1.027804732322692871e+00 9.978119134902954102e-01 9.561654925346374512e-01 9.200188517570495605e-01 8.984192013740539551e-01 8.816343545913696289e-01 8.696479797363281250e-01 8.516985177993774414e-01 8.443968296051025391e-01 8.418082594871520996e-01 8.415383696556091309e-01 8.381036520004272461e-01 8.333551883697509766e-01 8.380363583564758301e-01 8.349332809448242188e-01 8.329664468765258789e-01 8.417836427688598633e-01 8.468614220619201660e-01 8.494855165481567383e-01 8.378720283508300781e-01 8.385475873947143555e-01 8.417493104934692383e-01 8.408305048942565918e-01 8.469250798225402832e-01 8.643465042114257812e-01 8.730444312095642090e-01 8.784578442573547363e-01 8.904126286506652832e-01 9.013332724571228027e-01 9.111211299896240234e-01 9.181922078132629395e-01 9.397513270378112793e-01 9.510304331779479980e-01 9.621875882148742676e-01 9.533901810646057129e-01 9.639766812324523926e-01 9.354507923126220703e-01 9.013525247573852539e-01 8.868694305419921875e-01 8.780577182769775391e-01 8.601618409156799316e-01 8.505099415779113770e-01 8.482693433761596680e-01 8.349277973175048828e-01 8.299109935760498047e-01 8.267954587936401367e-01 8.337888121604919434e-01 8.351656794548034668e-01 8.414577841758728027e-01 8.370725512504577637e-01 8.431108593940734863e-01 8.245548009872436523e-01 8.191429376602172852e-01 8.165720701217651367e-01 8.129681348800659180e-01 8.254541158676147461e-01 8.310917019844055176e-01 8.171927332878112793e-01 8.271514773368835449e-01 8.289561867713928223e-01 8.314245939254760742e-01 8.260903954505920410e-01 8.295459747314453125e-01 8.444895148277282715e-01 8.502452373504638672e-01 8.481574058532714844e-01 8.471050262451171875e-01 8.470041155815124512e-01
1.017964005470275879e+00 1.026446580886840820e+00 1.026254057884216309e+00 1.022725462913513184e+00 1.030307531356811523e+00 1.040424704551696777e+00 1.042255759239196777e+00 1.043530702590942383e+00 1.044015169143676758e+00 1.041075587272644043e+00 1.035417437553405762e+00 1.028743863105773926e+00 1.029806613922119141e+00 1.048076033592224121e+00 1.059853792190551758e+00 1.065665960311889648e+00 1.059025764465332031e+00 1.040202260017395020e+00 1.038931012153625488e+00 1.042572379112243652e+00 1.043516278266906738e+00 1.044318318367004395e+00 1.040532469749450684e+00 1.041035056114196777e+00 1.043357729911804199e+00 1.048742055892944336e+00 1.048663616180419922e+00 1.048769712448120117e+00 1.045797944068908691e+00 1.047585129737854004e+00 1.044767618179321289e+00 1.028409242630004883e+00 1.007837295532226562e+00 9.593107700347900391e-01 9.211526513099670410e-01 9.032688736915588379e-01 8.885838985443115234e-01 8.717547655105590820e-01 8.657585382461547852e-01 8.468317985534667969e-01 8.519352078437805176e-01 8.450373411178588867e-01 8.374567031860351562e-01 8.318255543708801270e-01 8.357028961181640625e-01 8.395493030548095703e-01 8.459917902946472168e-01 8.534211516380310059e-01 8.610904216766357422e-01 8.587889075279235840e-01 8.462836146354675293e-01 8.411426544189453125e-01 8.426700234413146973e-01 8.448972105979919434e-01 8.493620753288269043e-01 8.664967417716979980e-01 8.825878500938415527e-01 8.880226612091064453e-01 8.946918845176696777e-01 9.031150341033935547e-01 9.197745919227600098e-01 9.254372119903564453e-01 9.418944716453552246e-01 9.453717470169067383e-01 9.516192674636840820e-01 9.499434828758239746e-01 9.540212154388427734e-01 9.329531192779541016e-01 9.038670659065246582e-01 8.800816535949707031e-01 8.708620071411132812e-01 8.628027439117431641e-01 8.543199300765991211e-01 8.494794964790344238e-01 8.305339813232421875e-01 8.325065970420837402e-01 8.261287808418273926e-01 8.229361772537231445e-01 8.266906738281250000e-01 8.356397747993469238e-01 8.308214545249938965e-01 8.281615972518920898e-01 8.282762169837951660e-01 8.298167586326599121e-01 8.280168771743774414e-01 8.311706185340881348e-01 8.344328403472900391e-01 8.354606628417968750e-01 8.248487114906311035e-01 8.292111158370971680e-01 8.277363181114196777e-01 8.273772001266479492e-01 8.242091536521911621e-01 8.284115195274353027e-01 8.467844724655151367e-01 8.597049713134765625e-01 8.637843728065490723e-01 8.604289293289184570e-01 8.523828983306884766e-01
1.011045813560485840e+00 1.017158627510070801e+00 1.019895315170288086e+00 1.019439339637756348e+00 1.024635314941406250e+00 1.037426352500915527e+00 1.039442181587219238e+00 1.046007752418518066e+00 1.048360943794250488e+00 1.045367717742919922e+00 1.041759729385375977e+00 1.041714310646057129e+00 1.048076033592224121e+00 1.031411647796630859e+00 1.039960026741027832e+00 1.052745819091796875e+00 1.055333495140075684e+00 1.037402510643005371e+00 1.041072726249694824e+00 1.045432806015014648e+00 1.044076681137084961e+00 1.040723443031311035e+00 1.040007114410400391e+00 1.043513178825378418e+00 1.039146304130554199e+00 1.044561982154846191e+00 1.043919563293457031e+00 1.048513174057006836e+00 1.045897006988525391e+00 1.042896866798400879e+00 1.040721654891967773e+00 1.029877901077270508e+00 1.000153064727783203e+00 9.538207650184631348e-01 9.186094999313354492e-01 8.993600606918334961e-01 8.842646479606628418e-01 8.608667850494384766e-01 8.541672825813293457e-01 8.438697457313537598e-01 8.439862728118896484e-01 8.363825678825378418e-01 8.285875916481018066e-01 8.232702016830444336e-01 8.270736932754516602e-01 8.358336091041564941e-01 8.384236097335815430e-01 8.408649563789367676e-01 8.494259119033813477e-01 8.483695387840270996e-01 8.470988273620605469e-01 8.419681191444396973e-01 8.396185636520385742e-01 8.452610373497009277e-01 8.530088067054748535e-01 8.613172769546508789e-01 8.757753372192382812e-01 8.838722705841064453e-01 8.979536294937133789e-01 9.050528407096862793e-01 9.179872870445251465e-01 9.246985912322998047e-01 9.465564489364624023e-01 9.538578987121582031e-01 9.522336721420288086e-01 9.489933252334594727e-01 9.503400921821594238e-01 9.306216239929199219e-01 9.124152660369873047e-01 8.839004635810852051e-01 8.714593052864074707e-01 8.650724887847900391e-01 8.507124185562133789e-01 8.496333360671997070e-01 8.364683389663696289e-01 8.268734216690063477e-01 8.188649415969848633e-01 8.148402571678161621e-01 8.206419944763183594e-01 8.267140984535217285e-01 8.327328562736511230e-01 8.401789665222167969e-01 8.309634923934936523e-01 8.364601731300354004e-01 8.313389420509338379e-01 8.268099427223205566e-01 8.421519398689270020e-01 8.348790407180786133e-01 8.300184011459350586e-01 8.340565562248229980e-01 8.374221324920654297e-01 8.298041820526123047e-01 8.293609619140625000e-01 8.272308111190795898e-01 8.529051542282104492e-01 8.614267110824584961e-01 8.610157370567321777e-01 8.627374768257141113e-01 8.552920818328857422e-01
1.007451415061950684e+00 1.012955188751220703e+00 1.014324307441711426e+00 1.018557667732238770e+00 1.025108098983764648e+00 1.038019061088562012e+00 1.040687322616577148e+00 1.043229699134826660e+00 1.044369578361511230e+00 1.043689370155334473e+00 1.039703011512756348e+00 1.042006373405456543e+00 1.059853792190551758e+00 1.039960026741027832e+00 1.026453733444213867e+00 1.036081910133361816e+00 1.052627801895141602e+00 1.047585368156433105e+00 1.054049372673034668e+00 1.055937170982360840e+00 1.053020477294921875e+00 1.048028349876403809e+00 1.047214388847351074e+00 1.051994204521179199e+00 1.047180652618408203e+00 1.048416852951049805e+00 1.050379276275634766e+00 1.052698612213134766e+00 1.052097082138061523e+00 1.045872807502746582e+00 1.043429613113403320e+00 1.033457159996032715e+00 1.004229545593261719e+00 9.578738212585449219e-01 9.215999841690063477e-01 8.987203240394592285e-01 8.838145732879638672e-01 8.604162931442260742e-01 8.535172343254089355e-01 8.533011078834533691e-01 8.478105068206787109e-01 8.384163379669189453e-01 8.312191963195800781e-01 8.261376619338989258e-01 8.319841623306274414e-01 8.333977460861206055e-01 8.352357745170593262e-01 8.404237627983093262e-01 8.504304885864257812e-01 8.468943238258361816e-01 8.428617715835571289e-01 8.367792367935180664e-01 8.487926721572875977e-01 8.540061116218566895e-01 8.573902249336242676e-01 8.599266409873962402e-01 8.730953931808471680e-01 8.940412998199462891e-01 8.988146185874938965e-01 9.098083376884460449e-01 9.225866794586181641e-01 9.255684018135070801e-01 9.517942667007446289e-01 9.589219689369201660e-01 9.610598683357238770e-01 9.548810720443725586e-01 9.496389627456665039e-01 9.288241267204284668e-01 9.112271070480346680e-01 8.964303731918334961e-01 8.816108107566833496e-01 8.787063360214233398e-01 8.624406456947326660e-01 8.566004633903503418e-01 8.440611958503723145e-01 8.312012553215026855e-01 8.248600959777832031e-01 8.164593577384948730e-01 8.203805088996887207e-01 8.225389122962951660e-01 8.236361742019653320e-01 8.294842839241027832e-01 8.288190960884094238e-01 8.332401514053344727e-01 8.293937444686889648e-01 8.328169584274291992e-01 8.448046445846557617e-01 8.358549475669860840e-01 8.322526216506958008e-01 8.351106047630310059e-01 8.366572856903076172e-01 8.342235088348388672e-01 8.325156569480895996e-01 8.322112560272216797e-01 8.484981060028076172e-01 8.629937767982482910e-01 8.648386597633361816e-01 8.692214488983154297e-01 8.686779141426086426e-01
1.004612922668457031e+00 1.016598224639892578e+00 1.019396781921386719e+00 1.020924210548400879e+00 1.027447223663330078e+00 1.034805536270141602e+00 1.043314456939697266e+00 1.046624422073364258e+00 1.041863083839416504e+00 1.039970517158508301e+00 1.040983319282531738e+00 1.044040322303771973e+00 1.065665960311889648e+00 1.052745819091796875e+00 1.036081910133361816e+00 1.025278329849243164e+00 1.035676479339599609e+00 1.050674796104431152e+00 1.058136701583862305e+00 1.060000061988830566e+00 1.057554006576538086e+00 1.055178165435791016e+00 1.055248737335205078e+00 1.056712865829467773e+00 1.055891394615173340e+00 1.050377488136291504e+00 1.051712393760681152e+00 1.056959748268127441e+00 1.054716348648071289e+00 1.047863841056823730e+00 1.042291998863220215e+00 1.027536273002624512e+00 1.000048756599426270e+00 9.504780173301696777e-01 9.179256558418273926e-01 9.005839228630065918e-01 8.836961388587951660e-01 8.516864180564880371e-01 8.442338109016418457e-01 8.451377153396606445e-01 8.417528867721557617e-01 8.383370637893676758e-01 8.349726796150207520e-01 8.307446837425231934e-01 8.278285861015319824e-01 8.330076932907104492e-01 8.352950811386108398e-01 8.407534956932067871e-01 8.475418686866760254e-01 8.462432622909545898e-01 8.382098674774169922e-01 8.381287455558776855e-01 8.465082049369812012e-01 8.505796790122985840e-01 8.527995347976684570e-01 8.581691980361938477e-01 8.739162683486938477e-01 8.825977444648742676e-01 8.959913253784179688e-01 9.094095230102539062e-01 9.222732186317443848e-01 9.219450950622558594e-01 9.469924569129943848e-01 9.636227488517761230e-01 9.679145812988281250e-01 9.673199653625488281e-01 9.558594822883605957e-01 9.286465048789978027e-01 9.106475114822387695e-01 8.948663473129272461e-01 8.763692378997802734e-01 8.783023357391357422e-01 8.626312017440795898e-01 8.565202355384826660e-01 8.452079296112060547e-01 8.314496278762817383e-01 8.222068548202514648e-01 8.242577910423278809e-01 8.236348032951354980e-01 8.275470137596130371e-01 8.218685984611511230e-01 8.357047438621520996e-01 8.231577873229980469e-01 8.224802017211914062e-01 8.293091654777526855e-01 8.289870619773864746e-01 8.463270664215087891e-01 8.417426943778991699e-01 8.319660425186157227e-01 8.408659696578979492e-01 8.369919657707214355e-01 8.458127379417419434e-01 8.399297595024108887e-01 8.367395997047424316e-01 8.394109606742858887e-01 8.557360768318176270e-01 8.604806065559387207e-01 8.660340309143066406e-01 8.743271827697753906e-01
