1.004338145256042480e+00 1.004533290863037109e+00 9.987527132034301758e-01 1.012742519378662109e+00 1.026667594909667969e+00 1.060927510261535645e+00 1.083597660064697266e+00 1.067661762237548828e+00 1.061585783958435059e+00 1.060621380805969238e+00 1.063589692115783691e+00 1.068854331970214844e+00 1.074092745780944824e+00 1.086393237113952637e+00 1.093999266624450684e+00 1.096861362457275391e+00 1.087152957916259766e+00 1.094766139984130859e+00 1.088346242904663086e+00 1.086245656013488770e+00 1.096732616424560547e+00 1.099257230758666992e+00 1.111257314682006836e+00 1.102610349655151367e+00 1.113691091537475586e+00 1.086690068244934082e+00 1.086082935333251953e+00 1.058197617530822754e+00 1.013609290122985840e+00 9.689432978630065918e-01 9.277907609939575195e-01 8.813462853431701660e-01 8.495006561279296875e-01 8.023228049278259277e-01 7.763215899467468262e-01 7.516436576843261719e-01 7.473109364509582520e-01 7.509840130805969238e-01 7.536035776138305664e-01 7.472977042198181152e-01 7.475355267524719238e-01 7.662261724472045898e-01 7.756217122077941895e-01 7.653569579124450684e-01 7.460615634918212891e-01 7.338348031044006348e-01 7.311094403266906738e-01 7.629315853118896484e-01 8.026635646820068359e-01 8.076063394546508789e-01 8.063527941703796387e-01 8.251780271530151367e-01 8.561917543411254883e-01 8.701761364936828613e-01 8.775779604911804199e-01 9.115825891494750977e-01 9.536677002906799316e-01 9.827379584312438965e-01 1.019634723663330078e+00 1.039157271385192871e+00 1.051369905471801758e+00 1.093525409698486328e+00 1.149182915687561035e+00 1.176534652709960938e+00 1.233704447746276855e+00 1.278299689292907715e+00 1.325839281082153320e+00 1.324716210365295410e+00 1.307270288467407227e+00 1.286032080650329590e+00 1.260767817497253418e+00 1.262988090515136719e+00 1.253035783767700195e+00 1.206741571426391602e+00 1.182118296623229980e+00 1.172594666481018066e+00 1.187327265739440918e+00 1.213170647621154785e+00 1.172392487525939941e+00 1.125416755676269531e+00 1.104415535926818848e+00 1.082869887351989746e+00 1.098046183586120605e+00 1.087845087051391602e+00 1.068912744522094727e+00 1.103710412979125977e+00 1.094361066818237305e+00 1.064325690269470215e+00 1.063655018806457520e+00 1.051007747650146484e+00 1.046486496925354004e+00 1.083098888397216797e+00 1.060336709022521973e+00 1.008647203445434570e+00 1.012899994850158691e+00 1.045141577720642090e+00 1.040128231048583984e+00 1.026790380477905273e+00 1.031487107276916504e+00
1.004533290863037109e+00 9.893400073051452637e-01 9.902523159980773926e-01 9.856712222099304199e-01 9.969109296798706055e-01 1.035788893699645996e+00 1.065604090690612793e+00 1.061049818992614746e+00 1.060267686843872070e+00 1.064977288246154785e+00 1.058733105659484863e+00 1.069857358932495117e+00 1.068575382232666016e+00 1.082173228263854980e+00 1.090229988098144531e+00 1.092224955558776855e+00 1.091211676597595215e+00 1.094906210899353027e+00 1.084851503372192383e+00 1.089008450508117676e+00 1.100037693977355957e+00 1.103711724281311035e+00 1.108099579811096191e+00 1.093039035797119141e+00 1.109942436218261719e+00 1.099507212638854980e+00 1.086067438125610352e+00 1.057152152061462402e+00 1.021068096160888672e+00 9.797161221504211426e-01 9.380199909210205078e-01 8.992011547088623047e-01 8.619197607040405273e-01 8.123027086257934570e-01 7.818607687950134277e-01 7.532783746719360352e-01 7.525732517242431641e-01 7.581675052642822266e-01 7.539612650871276855e-01 7.483190894126892090e-01 7.464925646781921387e-01 7.649500370025634766e-01 7.638111710548400879e-01 7.506060600280761719e-01 7.514075636863708496e-01 7.530921101570129395e-01 7.454191446304321289e-01 7.692164182662963867e-01 7.976720929145812988e-01 8.101977109909057617e-01 8.093432188034057617e-01 8.297432661056518555e-01 8.480786681175231934e-01 8.691743612289428711e-01 8.790532946586608887e-01 9.047490954399108887e-01 9.481018185615539551e-01 9.768685102462768555e-01 9.936048984527587891e-01 1.023090481758117676e+00 1.053864002227783203e+00 1.092458248138427734e+00 1.133928418159484863e+00 1.176848173141479492e+00 1.227282643318176270e+00 1.277851223945617676e+00 1.316429495811462402e+00 1.329005241394042969e+00 1.301514029502868652e+00 1.257776379585266113e+00 1.255628824234008789e+00 1.266217708587646484e+00 1.254826664924621582e+00 1.207523941993713379e+00 1.217374205589294434e+00 1.204927682876586914e+00 1.180181145668029785e+00 1.196211457252502441e+00 1.174208521842956543e+00 1.149352788925170898e+00 1.127792239189147949e+00 1.114008784294128418e+00 1.096003413200378418e+00 1.077781200408935547e+00 1.091248035430908203e+00 1.099832177162170410e+00 1.086170792579650879e+00 1.075340509414672852e+00 1.076612114906311035e+00 1.077368855476379395e+00 1.077434420585632324e+00 1.074955463409423828e+00 1.051107168197631836e+00 1.020157456398010254e+00 1.010262250900268555e+00 1.038607120513916016e+00 1.009961247444152832e+00 9.869402647018432617e-01 9.772939682006835938e-01
9.987527132034301758e-01 9.902523159980773926e-01 1.010694384574890137e+00 9.646751284599304199e-01 9.784593582153320312e-01 1.028687357902526855e+00 1.060129046440124512e+00 1.051527619361877441e+00 1.063723087310791016e+00 1.073716640472412109e+00 1.067043423652648926e+00 1.072760701179504395e+00 1.072956562042236328e+00 1.083658576011657715e+00 1.087947964668273926e+00 1.084846496582031250e+00 1.081639766693115234e+00 1.085274696350097656e+00 1.084524512290954590e+00 1.082870960235595703e+00 1.091679573059082031e+00 1.101903796195983887e+00 1.089270949363708496e+00 1.081374764442443848e+00 1.100278496742248535e+00 1.103833675384521484e+00 1.075261473655700684e+00 1.046995043754577637e+00 1.009466648101806641e+00 9.668542146682739258e-01 9.265808463096618652e-01 8.937448859214782715e-01 8.587529659271240234e-01 8.095393180847167969e-01 7.776731252670288086e-01 7.520228624343872070e-01 7.490032911300659180e-01 7.438358664512634277e-01 7.365034222602844238e-01 7.380972504615783691e-01 7.319912314414978027e-01 7.501931190490722656e-01 7.459958791732788086e-01 7.311735749244689941e-01 7.427881360054016113e-01 7.541439533233642578e-01 7.563643455505371094e-01 7.615123987197875977e-01 7.785668969154357910e-01 7.964254617691040039e-01 8.100054860115051270e-01 8.284951448440551758e-01 8.390884995460510254e-01 8.609788417816162109e-01 8.740963935852050781e-01 8.932973742485046387e-01 9.302790164947509766e-01 9.515382051467895508e-01 9.685757160186767578e-01 1.003482222557067871e+00 1.053262829780578613e+00 1.095301747322082520e+00 1.116434574127197266e+00 1.157361865043640137e+00 1.209766864776611328e+00 1.246688723564147949e+00 1.306023478507995605e+00 1.325671792030334473e+00 1.292505741119384766e+00 1.248393416404724121e+00 1.246526837348937988e+00 1.271675705909729004e+00 1.257002830505371094e+00 1.214050054550170898e+00 1.223213911056518555e+00 1.218483209609985352e+00 1.167763113975524902e+00 1.167015552520751953e+00 1.158751964569091797e+00 1.144008755683898926e+00 1.130905866622924805e+00 1.112237215042114258e+00 1.093609809875488281e+00 1.084025025367736816e+00 1.097804427146911621e+00 1.101289391517639160e+00 1.085633873939514160e+00 1.077289581298828125e+00 1.090708255767822266e+00 1.093061923980712891e+00 1.086205363273620605e+00 1.081792354583740234e+00 1.050564765930175781e+00 1.018210887908935547e+00 1.003073692321777344e+00 1.020961403846740723e+00 9.939354658126831055e-01 9.704992175102233887e-01 9.577444195747375488e-01
1.012742519378662109e+00 9.856712222099304199e-01 9.646751284599304199e-01 9.687502980232238770e-01 9.941994547843933105e-01 1.045785188674926758e+00 1.070860028266906738e+00 1.055075883865356445e+00 1.068721175193786621e+00 1.069593548774719238e+00 1.067291975021362305e+00 1.078985095024108887e+00 1.091496229171752930e+00 1.084602236747741699e+00 1.085040807723999023e+00 1.074350833892822266e+00 1.076197504997253418e+00 1.083748340606689453e+00 1.076412320137023926e+00 1.081257820129394531e+00 1.096610665321350098e+00 1.098041057586669922e+00 1.087680339813232422e+00 1.081898093223571777e+00 1.097923040390014648e+00 1.095198750495910645e+00 1.061491370201110840e+00 1.025745272636413574e+00 9.859296679496765137e-01 9.598345756530761719e-01 9.334083795547485352e-01 8.978100419044494629e-01 8.643841743469238281e-01 8.043842315673828125e-01 7.785272598266601562e-01 7.588899135589599609e-01 7.563686966896057129e-01 7.451446056365966797e-01 7.382215857505798340e-01 7.322201132774353027e-01 7.302016019821166992e-01 7.407507300376892090e-01 7.409858107566833496e-01 7.340673208236694336e-01 7.329296469688415527e-01 7.400153279304504395e-01 7.637876272201538086e-01 7.711253762245178223e-01 7.847093939781188965e-01 8.098161816596984863e-01 8.294944167137145996e-01 8.363462686538696289e-01 8.473181128501892090e-01 8.676074147224426270e-01 8.860698342323303223e-01 9.126673340797424316e-01 9.220070838928222656e-01 9.405427575111389160e-01 9.627850651741027832e-01 9.865460991859436035e-01 1.037443757057189941e+00 1.098428487777709961e+00 1.128149151802062988e+00 1.167477607727050781e+00 1.213926196098327637e+00 1.252795219421386719e+00 1.304354667663574219e+00 1.329010128974914551e+00 1.297909021377563477e+00 1.267836809158325195e+00 1.251049399375915527e+00 1.274548888206481934e+00 1.285496711730957031e+00 1.238049864768981934e+00 1.241233706474304199e+00 1.230090975761413574e+00 1.200152039527893066e+00 1.172783255577087402e+00 1.148532032966613770e+00 1.140561461448669434e+00 1.127289056777954102e+00 1.111302375793457031e+00 1.105826020240783691e+00 1.103983759880065918e+00 1.115017175674438477e+00 1.125185251235961914e+00 1.105598807334899902e+00 1.106950640678405762e+00 1.111194849014282227e+00 1.099669456481933594e+00 1.092987179756164551e+00 1.091634750366210938e+00 1.041953206062316895e+00 1.015030622482299805e+00 1.024341702461242676e+00 1.044129729270935059e+00 1.015835165977478027e+00 1.009242773056030273e+00 1.003459930419921875e+00
1.026667594909667969e+00 9.969109296798706055e-01 9.784593582153320312e-01 9.941994547843933105e-01 1.012957096099853516e+00 1.039997339248657227e+00 1.058022260665893555e+00 1.055855393409729004e+00 1.070907711982727051e+00 1.070997118949890137e+00 1.069444537162780762e+00 1.084011673927307129e+00 1.082407116889953613e+00 1.087918400764465332e+00 1.084638595581054688e+00 1.074530363082885742e+00 1.073393940925598145e+00 1.090476512908935547e+00 1.087204694747924805e+00 1.088817596435546875e+00 1.095425844192504883e+00 1.095154404640197754e+00 1.091019034385681152e+00 1.085636377334594727e+00 1.091645240783691406e+00 1.086620926856994629e+00 1.058891534805297852e+00 1.026288747787475586e+00 9.873876571655273438e-01 9.544776082038879395e-01 9.296863675117492676e-01 8.932572007179260254e-01 8.556985855102539062e-01 8.009705543518066406e-01 7.706794142723083496e-01 7.517801523208618164e-01 7.434890270233154297e-01 7.410882711410522461e-01 7.396087646484375000e-01 7.198222279548645020e-01 7.118957638740539551e-01 7.237682342529296875e-01 7.271295189857482910e-01 7.344392538070678711e-01 7.292081713676452637e-01 7.192747592926025391e-01 7.474526762962341309e-01 7.690929770469665527e-01 7.902562618255615234e-01 8.073520064353942871e-01 8.273175358772277832e-01 8.290871977806091309e-01 8.436844348907470703e-01 8.659455776214599609e-01 8.951411247253417969e-01 9.150006175041198730e-01 9.302725791931152344e-01 9.461005330085754395e-01 9.668886065483093262e-01 9.866066575050354004e-01 1.023656606674194336e+00 1.090740799903869629e+00 1.132943749427795410e+00 1.176799058914184570e+00 1.226231575012207031e+00 1.258209347724914551e+00 1.297681570053100586e+00 1.315031290054321289e+00 1.298570036888122559e+00 1.261398911476135254e+00 1.258022189140319824e+00 1.274242520332336426e+00 1.271327257156372070e+00 1.229229807853698730e+00 1.240763306617736816e+00 1.257396340370178223e+00 1.217226743698120117e+00 1.183874249458312988e+00 1.152621626853942871e+00 1.140437960624694824e+00 1.109753608703613281e+00 1.090641379356384277e+00 1.088691353797912598e+00 1.074288249015808105e+00 1.107090353965759277e+00 1.133709430694580078e+00 1.111712932586669922e+00 1.102616310119628906e+00 1.092508673667907715e+00 1.079011797904968262e+00 1.091897249221801758e+00 1.094973206520080566e+00 1.037083029747009277e+00 1.020215749740600586e+00 1.034857392311096191e+00 1.044109225273132324e+00 1.032738804817199707e+00 1.032376646995544434e+00 1.030092835426330566e+00
1.060927510261535645e+00 1.035788893699645996e+00 1.028687357902526855e+00 1.045785188674926758e+00 1.039997339248657227e+00 1.012347817420959473e+00 1.028428554534912109e+00 1.047420382499694824e+00 1.063731670379638672e+00 1.065930128097534180e+00 1.074933886528015137e+00 1.089866876602172852e+00 1.082454681396484375e+00 1.078558325767517090e+00 1.084458470344543457e+00 1.068847537040710449e+00 1.060917615890502930e+00 1.081693053245544434e+00 1.093638062477111816e+00 1.093978166580200195e+00 1.092638015747070312e+00 1.098629713058471680e+00 1.089934110641479492e+00 1.081723451614379883e+00 1.085573673248291016e+00 1.078167557716369629e+00 1.061326384544372559e+00 1.034256100654602051e+00 1.002584457397460938e+00 9.601023793220520020e-01 9.324970245361328125e-01 8.848232030868530273e-01 8.442946672439575195e-01 7.920830249786376953e-01 7.619203329086303711e-01 7.421202659606933594e-01 7.383754253387451172e-01 7.471516728401184082e-01 7.376583218574523926e-01 7.211567759513854980e-01 7.122928500175476074e-01 7.116095423698425293e-01 7.049284577369689941e-01 7.287121415138244629e-01 7.357718944549560547e-01 7.385484576225280762e-01 7.509963512420654297e-01 7.577084898948669434e-01 7.790167927742004395e-01 7.948071956634521484e-01 8.140789270401000977e-01 8.197641372680664062e-01 8.422354459762573242e-01 8.637316823005676270e-01 8.962814807891845703e-01 9.194139242172241211e-01 9.308461546897888184e-01 9.578030109405517578e-01 9.861243367195129395e-01 9.928092956542968750e-01 1.013597011566162109e+00 1.066017389297485352e+00 1.124816775321960449e+00 1.194230079650878906e+00 1.236550211906433105e+00 1.289864540100097656e+00 1.320941090583801270e+00 1.317477107048034668e+00 1.304919600486755371e+00 1.284586787223815918e+00 1.289094209671020508e+00 1.265120029449462891e+00 1.259140849113464355e+00 1.231284022331237793e+00 1.239991664886474609e+00 1.260245680809020996e+00 1.220138430595397949e+00 1.184585690498352051e+00 1.162271738052368164e+00 1.142163157463073730e+00 1.119605779647827148e+00 1.091075420379638672e+00 1.086181163787841797e+00 1.065525412559509277e+00 1.075343132019042969e+00 1.104984641075134277e+00 1.095882773399353027e+00 1.090607285499572754e+00 1.081952691078186035e+00 1.059909939765930176e+00 1.075168490409851074e+00 1.097766995429992676e+00 1.047957062721252441e+00 1.021583676338195801e+00 1.013440489768981934e+00 1.025296568870544434e+00 1.024683237075805664e+00 1.024376988410949707e+00 1.003081798553466797e+00
1.083597660064697266e+00 1.065604090690612793e+00 1.060129046440124512e+00 1.070860028266906738e+00 1.058022260665893555e+00 1.028428554534912109e+00 1.022256612777709961e+00 1.043290734291076660e+00 1.065224528312683105e+00 1.059019207954406738e+00 1.066659331321716309e+00 1.077885389328002930e+00 1.068276524543762207e+00 1.065353155136108398e+00 1.064990639686584473e+00 1.061527371406555176e+00 1.064072132110595703e+00 1.078316688537597656e+00 1.086261153221130371e+00 1.092426896095275879e+00 1.093286275863647461e+00 1.084940195083618164e+00 1.080843210220336914e+00 1.068455934524536133e+00 1.074404597282409668e+00 1.060009360313415527e+00 1.052759528160095215e+00 1.038097381591796875e+00 1.007582306861877441e+00 9.611049890518188477e-01 9.295217990875244141e-01 8.765269517898559570e-01 8.366917371749877930e-01 7.822254896163940430e-01 7.508732080459594727e-01 7.336381673812866211e-01 7.300853133201599121e-01 7.299213409423828125e-01 7.185457348823547363e-01 7.064110040664672852e-01 7.070354223251342773e-01 7.136811614036560059e-01 7.086489796638488770e-01 7.204680442810058594e-01 7.378728389739990234e-01 7.466635107994079590e-01 7.611236572265625000e-01 7.470862865447998047e-01 7.523430585861206055e-01 7.822228074073791504e-01 8.135493993759155273e-01 8.260250687599182129e-01 8.368649482727050781e-01 8.523620963096618652e-01 8.917850255966186523e-01 9.251194596290588379e-01 9.397101402282714844e-01 9.506193399429321289e-01 9.879496097564697266e-01 1.010947704315185547e+00 1.033419609069824219e+00 1.077878475189208984e+00 1.145763754844665527e+00 1.209886789321899414e+00 1.249981045722961426e+00 1.288552403450012207e+00 1.320502877235412598e+00 1.313049077987670898e+00 1.295734047889709473e+00 1.294454097747802734e+00 1.306187033653259277e+00 1.281150579452514648e+00 1.282338857650756836e+00 1.258391737937927246e+00 1.262717485427856445e+00 1.252858519554138184e+00 1.211336493492126465e+00 1.168723940849304199e+00 1.150638580322265625e+00 1.138834118843078613e+00 1.114510416984558105e+00 1.091110706329345703e+00 1.087595582008361816e+00 1.071124434471130371e+00 1.073541760444641113e+00 1.088437438011169434e+00 1.062624812126159668e+00 1.069576144218444824e+00 1.081531763076782227e+00 1.067697882652282715e+00 1.073507070541381836e+00 1.081618785858154297e+00 1.038720607757568359e+00 1.008488893508911133e+00 9.973813891410827637e-01 1.019021272659301758e+00 1.012194514274597168e+00 1.009276509284973145e+00 1.001511335372924805e+00
1.067661762237548828e+00 1.061049818992614746e+00 1.051527619361877441e+00 1.055075883865356445e+00 1.055855393409729004e+00 1.047420382499694824e+00 1.043290734291076660e+00 1.027833580970764160e+00 1.059544801712036133e+00 1.047211050987243652e+00 1.049937963485717773e+00 1.064822554588317871e+00 1.061232566833496094e+00 1.063305497169494629e+00 1.063421487808227539e+00 1.057907462120056152e+00 1.067592859268188477e+00 1.080197572708129883e+00 1.081530213356018066e+00 1.093533039093017578e+00 1.082405805587768555e+00 1.070572614669799805e+00 1.068656682968139648e+00 1.056326985359191895e+00 1.050525665283203125e+00 1.039148211479187012e+00 1.037184119224548340e+00 1.022387385368347168e+00 1.001262068748474121e+00 9.428675770759582520e-01 9.027425050735473633e-01 8.617898821830749512e-01 8.256471157073974609e-01 7.712607383728027344e-01 7.413879036903381348e-01 7.280585765838623047e-01 7.135294079780578613e-01 6.978954076766967773e-01 6.862078309059143066e-01 6.828798651695251465e-01 6.970132589340209961e-01 7.072640061378479004e-01 7.078518271446228027e-01 7.132752537727355957e-01 7.268229722976684570e-01 7.352427244186401367e-01 7.501201033592224121e-01 7.425572276115417480e-01 7.431439161300659180e-01 7.718688249588012695e-01 8.076804280281066895e-01 8.172328472137451172e-01 8.250062465667724609e-01 8.397494554519653320e-01 8.823390603065490723e-01 9.130758047103881836e-01 9.319008588790893555e-01 9.413949251174926758e-01 9.719028472900390625e-01 1.011058092117309570e+00 1.048773884773254395e+00 1.098011851310729980e+00 1.141208052635192871e+00 1.180665493011474609e+00 1.230915069580078125e+00 1.266795396804809570e+00 1.291074514389038086e+00 1.279280662536621094e+00 1.271160721778869629e+00 1.283606529235839844e+00 1.295587658882141113e+00 1.300043106079101562e+00 1.293127059936523438e+00 1.243981122970581055e+00 1.254266977310180664e+00 1.239883184432983398e+00 1.193800687789916992e+00 1.152374863624572754e+00 1.135415077209472656e+00 1.115585446357727051e+00 1.102374553680419922e+00 1.087892770767211914e+00 1.078102827072143555e+00 1.060142397880554199e+00 1.061429977416992188e+00 1.053767561912536621e+00 1.019746780395507812e+00 1.036085009574890137e+00 1.056401848793029785e+00 1.052964448928833008e+00 1.051313281059265137e+00 1.062377452850341797e+00 1.015717148780822754e+00 1.002615928649902344e+00 1.028362751007080078e+00 1.038020253181457520e+00 1.010531187057495117e+00 9.997675418853759766e-01 9.893700480461120605e-01
1.061585783958435059e+00 1.060267686843872070e+00 1.063723087310791016e+00 1.068721175193786621e+00 1.070907711982727051e+00 1.063731670379638672e+00 1.065224528312683105e+00 1.059544801712036133e+00 1.030085325241088867e+00 1.008226037025451660e+00 1.018539071083068848e+00 1.047340631484985352e+00 1.052740097045898438e+00 1.061283349990844727e+00 1.067967295646667480e+00 1.065156936645507812e+00 1.078927040100097656e+00 1.095722198486328125e+00 1.093194127082824707e+00 1.098132967948913574e+00 1.097280740737915039e+00 1.086370110511779785e+00 1.066451907157897949e+00 1.049515247344970703e+00 1.052473783493041992e+00 1.039490461349487305e+00 1.034165978431701660e+00 1.024793028831481934e+00 9.895145893096923828e-01 9.389237761497497559e-01 9.059754014015197754e-01 8.692593574523925781e-01 8.376712799072265625e-01 7.836505174636840820e-01 7.485121488571166992e-01 7.336197495460510254e-01 7.132212519645690918e-01 6.885143518447875977e-01 6.948795914649963379e-01 6.916449666023254395e-01 7.017713785171508789e-01 6.995044946670532227e-01 7.080366611480712891e-01 7.172718644142150879e-01 7.274391055107116699e-01 7.395865321159362793e-01 7.557269334793090820e-01 7.588861584663391113e-01 7.638484239578247070e-01 7.768364548683166504e-01 8.036298751831054688e-01 8.171820044517517090e-01 8.231406211853027344e-01 8.446975350379943848e-01 8.855931162834167480e-01 9.233216047286987305e-01 9.537975192070007324e-01 9.658023715019226074e-01 9.866579771041870117e-01 1.003312349319458008e+00 1.055611371994018555e+00 1.115707397460937500e+00 1.155798554420471191e+00 1.187522768974304199e+00 1.237623572349548340e+00 1.289185404777526855e+00 1.292397856712341309e+00 1.288491964340209961e+00 1.299859881401062012e+00 1.307794809341430664e+00 1.327740669250488281e+00 1.313055157661437988e+00 1.281601548194885254e+00 1.232225060462951660e+00 1.245594024658203125e+00 1.241385698318481445e+00 1.214232444763183594e+00 1.197638392448425293e+00 1.157241225242614746e+00 1.125465035438537598e+00 1.114568352699279785e+00 1.097180485725402832e+00 1.083085536956787109e+00 1.061290621757507324e+00 1.052439212799072266e+00 1.054820895195007324e+00 1.029897570610046387e+00 1.046573519706726074e+00 1.057546377182006836e+00 1.044209480285644531e+00 1.041615009307861328e+00 1.050090432167053223e+00 1.015527009963989258e+00 1.021131396293640137e+00 1.020378589630126953e+00 1.014830708503723145e+00 1.005751967430114746e+00 1.002578258514404297e+00 1.004203081130981445e+00
1.060621380805969238e+00 1.064977288246154785e+00 1.073716640472412109e+00 1.069593548774719238e+00 1.070997118949890137e+00 1.065930128097534180e+00 1.059019207954406738e+00 1.047211050987243652e+00 1.008226037025451660e+00 9.784268140792846680e-01 9.761616587638854980e-01 1.001265287399291992e+00 1.024440407752990723e+00 1.044647336006164551e+00 1.056225299835205078e+00 1.058844089508056641e+00 1.069779515266418457e+00 1.085897803306579590e+00 1.083554625511169434e+00 1.090648412704467773e+00 1.095859646797180176e+00 1.081944108009338379e+00 1.055149555206298828e+00 1.040844082832336426e+00 1.048767566680908203e+00 1.041317462921142578e+00 1.037575125694274902e+00 1.021946787834167480e+00 9.813680648803710938e-01 9.420012831687927246e-01 9.181824922561645508e-01 8.757600188255310059e-01 8.407894372940063477e-01 7.779260277748107910e-01 7.444688081741333008e-01 7.327123284339904785e-01 7.089254856109619141e-01 6.941965818405151367e-01 6.993951201438903809e-01 6.976473927497863770e-01 7.010325789451599121e-01 7.056959867477416992e-01 7.028783559799194336e-01 7.097230553627014160e-01 7.247696518898010254e-01 7.330267429351806641e-01 7.562269568443298340e-01 7.638707756996154785e-01 7.780776619911193848e-01 7.768502831459045410e-01 7.859610319137573242e-01 8.122348189353942871e-01 8.386422991752624512e-01 8.581180572509765625e-01 9.005047082901000977e-01 9.383333325386047363e-01 9.624951481819152832e-01 9.689979553222656250e-01 9.815163612365722656e-01 1.003156423568725586e+00 1.057538986206054688e+00 1.117922902107238770e+00 1.174285173416137695e+00 1.209851622581481934e+00 1.268264293670654297e+00 1.307567715644836426e+00 1.301942586898803711e+00 1.292493462562561035e+00 1.342196106910705566e+00 1.350993752479553223e+00 1.323190927505493164e+00 1.289038419723510742e+00 1.256879448890686035e+00 1.217399001121520996e+00 1.244598388671875000e+00 1.219228506088256836e+00 1.203434586524963379e+00 1.193782925605773926e+00 1.143513679504394531e+00 1.112264156341552734e+00 1.114141702651977539e+00 1.106676220893859863e+00 1.091573476791381836e+00 1.065572500228881836e+00 1.075265645980834961e+00 1.048290491104125977e+00 1.022547125816345215e+00 1.038566231727600098e+00 1.031408905982971191e+00 1.021349191665649414e+00 1.038014411926269531e+00 1.058205723762512207e+00 1.037422180175781250e+00 1.027806997299194336e+00 1.009503245353698730e+00 1.005614280700683594e+00 9.980093240737915039e-01 1.006740570068359375e+00 1.014068007469177246e+00
1.063589692115783691e+00 1.058733105659484863e+00 1.067043423652648926e+00 1.067291975021362305e+00 1.069444537162780762e+00 1.074933886528015137e+00 1.066659331321716309e+00 1.049937963485717773e+00 1.018539071083068848e+00 9.761616587638854980e-01 9.846811890602111816e-01 9.867287874221801758e-01 1.011517524719238281e+00 1.041722416877746582e+00 1.055596828460693359e+00 1.057641506195068359e+00 1.074417233467102051e+00 1.083862781524658203e+00 1.083796381950378418e+00 1.092570304870605469e+00 1.099395632743835449e+00 1.086972117424011230e+00 1.073084712028503418e+00 1.068230986595153809e+00 1.062144041061401367e+00 1.053929328918457031e+00 1.042183518409729004e+00 1.023797512054443359e+00 9.947949647903442383e-01 9.482012391090393066e-01 9.134078025817871094e-01 8.758441209793090820e-01 8.384280204772949219e-01 7.792476415634155273e-01 7.531036138534545898e-01 7.392353415489196777e-01 7.232829332351684570e-01 7.099248170852661133e-01 7.127054333686828613e-01 7.034989595413208008e-01 7.022221088409423828e-01 7.032843232154846191e-01 7.057451009750366211e-01 7.143619656562805176e-01 7.315399646759033203e-01 7.437485456466674805e-01 7.503180503845214844e-01 7.719334363937377930e-01 7.851144671440124512e-01 7.888299226760864258e-01 7.971791625022888184e-01 8.314106464385986328e-01 8.606335520744323730e-01 8.799490928649902344e-01 9.065480232238769531e-01 9.433647394180297852e-01 9.607039093971252441e-01 9.680298566818237305e-01 9.755623340606689453e-01 1.008207082748413086e+00 1.063597679138183594e+00 1.134691357612609863e+00 1.188951730728149414e+00 1.225587606430053711e+00 1.274597525596618652e+00 1.319962024688720703e+00 1.324890971183776855e+00 1.336235880851745605e+00 1.372683644294738770e+00 1.383219599723815918e+00 1.317176103591918945e+00 1.301453948020935059e+00 1.287377476692199707e+00 1.231091022491455078e+00 1.235156416893005371e+00 1.225768089294433594e+00 1.204375267028808594e+00 1.177255153656005859e+00 1.138001918792724609e+00 1.112827777862548828e+00 1.121287345886230469e+00 1.109721660614013672e+00 1.087824106216430664e+00 1.076749324798583984e+00 1.096923470497131348e+00 1.061764121055603027e+00 1.024454355239868164e+00 1.021056771278381348e+00 1.009030222892761230e+00 1.017783403396606445e+00 1.037027478218078613e+00 1.057210683822631836e+00 1.047209024429321289e+00 1.040593504905700684e+00 1.012216091156005859e+00 1.001243710517883301e+00 9.736968278884887695e-01 9.947701096534729004e-01 1.024351596832275391e+00
1.068854331970214844e+00 1.069857358932495117e+00 1.072760701179504395e+00 1.078985095024108887e+00 1.084011673927307129e+00 1.089866876602172852e+00 1.077885389328002930e+00 1.064822554588317871e+00 1.047340631484985352e+00 1.001265287399291992e+00 9.867287874221801758e-01 9.942765235900878906e-01 1.002607822418212891e+00 1.030550599098205566e+00 1.051525115966796875e+00 1.050683736801147461e+00 1.069584965705871582e+00 1.081233382225036621e+00 1.079435348510742188e+00 1.085199952125549316e+00 1.088833451271057129e+00 1.080198049545288086e+00 1.067564964294433594e+00 1.062702178955078125e+00 1.053323388099670410e+00 1.029497623443603516e+00 1.026196360588073730e+00 1.018863439559936523e+00 1.006861686706542969e+00 9.544765949249267578e-01 9.119210839271545410e-01 8.749823570251464844e-01 8.387943506240844727e-01 7.821878194808959961e-01 7.577023506164550781e-01 7.361999750137329102e-01 7.310453057289123535e-01 7.281203866004943848e-01 7.177348136901855469e-01 7.056878805160522461e-01 7.034805417060852051e-01 7.084454298019409180e-01 7.096748948097229004e-01 7.125673294067382812e-01 7.247952818870544434e-01 7.374907135963439941e-01 7.450327873229980469e-01 7.616377472877502441e-01 7.787173390388488770e-01 7.954333424568176270e-01 8.074447512626647949e-01 8.274343609809875488e-01 8.550849556922912598e-01 8.719955682754516602e-01 9.051883816719055176e-01 9.493117332458496094e-01 9.678537249565124512e-01 9.758223891258239746e-01 9.949183464050292969e-01 1.026345372200012207e+00 1.085414648056030273e+00 1.143591403961181641e+00 1.189449548721313477e+00 1.218638539314270020e+00 1.286936521530151367e+00 1.335590839385986328e+00 1.361483812332153320e+00 1.365176796913146973e+00 1.387548089027404785e+00 1.383436560630798340e+00 1.325312972068786621e+00 1.295268774032592773e+00 1.294501066207885742e+00 1.246005535125732422e+00 1.236446976661682129e+00 1.228872656822204590e+00 1.206897377967834473e+00 1.184552669525146484e+00 1.144201636314392090e+00 1.108173847198486328e+00 1.105537295341491699e+00 1.101142883300781250e+00 1.074626088142395020e+00 1.056495308876037598e+00 1.072081446647644043e+00 1.052341222763061523e+00 1.017849802970886230e+00 1.013488054275512695e+00 1.024435997009277344e+00 1.018184065818786621e+00 1.042909741401672363e+00 1.057326674461364746e+00 1.017460465431213379e+00 1.016270756721496582e+00 1.021217823028564453e+00 1.008741140365600586e+00 9.774336814880371094e-01 1.006742835044860840e+00 1.024187207221984863e+00
1.074092745780944824e+00 1.068575382232666016e+00 1.072956562042236328e+00 1.091496229171752930e+00 1.082407116889953613e+00 1.082454681396484375e+00 1.068276524543762207e+00 1.061232566833496094e+00 1.052740097045898438e+00 1.024440407752990723e+00 1.011517524719238281e+00 1.002607822418212891e+00 9.941849708557128906e-01 1.015131473541259766e+00 1.036130309104919434e+00 1.046728372573852539e+00 1.067624449729919434e+00 1.082913279533386230e+00 1.084571838378906250e+00 1.085039615631103516e+00 1.088837265968322754e+00 1.084366559982299805e+00 1.073773384094238281e+00 1.054898381233215332e+00 1.041014909744262695e+00 1.027422189712524414e+00 1.020658373832702637e+00 1.008491516113281250e+00 1.000017046928405762e+00 9.508332014083862305e-01 9.120265841484069824e-01 8.778932094573974609e-01 8.438255786895751953e-01 7.814266085624694824e-01 7.525538206100463867e-01 7.269465923309326172e-01 7.341021299362182617e-01 7.359679341316223145e-01 7.237052917480468750e-01 7.092044353485107422e-01 7.116749882698059082e-01 7.104210853576660156e-01 7.099303603172302246e-01 7.143335342407226562e-01 7.269180417060852051e-01 7.417041063308715820e-01 7.516557574272155762e-01 7.613041400909423828e-01 7.875751852989196777e-01 8.074292540550231934e-01 8.116965889930725098e-01 8.297255039215087891e-01 8.560959696769714355e-01 8.743587732315063477e-01 9.094521403312683105e-01 9.610925912857055664e-01 9.806721210479736328e-01 9.914163351058959961e-01 1.012285828590393066e+00 1.040004849433898926e+00 1.091428875923156738e+00 1.150959253311157227e+00 1.209051370620727539e+00 1.244162201881408691e+00 1.296381473541259766e+00 1.350238561630249023e+00 1.384280443191528320e+00 1.384153127670288086e+00 1.397718548774719238e+00 1.388872385025024414e+00 1.335897922515869141e+00 1.290052533149719238e+00 1.271477818489074707e+00 1.260976791381835938e+00 1.262648820877075195e+00 1.240719199180603027e+00 1.206551671028137207e+00 1.182459115982055664e+00 1.155926585197448730e+00 1.113111138343811035e+00 1.097542405128479004e+00 1.079431772232055664e+00 1.059053659439086914e+00 1.052269697189331055e+00 1.055537819862365723e+00 1.061016917228698730e+00 1.038782715797424316e+00 1.040301203727722168e+00 1.064032793045043945e+00 1.051707386970520020e+00 1.049165844917297363e+00 1.054437160491943359e+00 1.005368113517761230e+00 1.001320242881774902e+00 1.010156989097595215e+00 1.025725245475769043e+00 1.004780650138854980e+00 1.004878044128417969e+00 1.002661466598510742e+00
1.086393237113952637e+00 1.082173228263854980e+00 1.083658576011657715e+00 1.084602236747741699e+00 1.087918400764465332e+00 1.078558325767517090e+00 1.065353155136108398e+00 1.063305497169494629e+00 1.061283349990844727e+00 1.044647336006164551e+00 1.041722416877746582e+00 1.030550599098205566e+00 1.015131473541259766e+00 9.966996312141418457e-01 1.016805768013000488e+00 1.034176111221313477e+00 1.061554074287414551e+00 1.084444880485534668e+00 1.095746278762817383e+00 1.103390932083129883e+00 1.110386133193969727e+00 1.090237975120544434e+00 1.078396320343017578e+00 1.057008624076843262e+00 1.048047780990600586e+00 1.040080070495605469e+00 1.026927113533020020e+00 1.009487867355346680e+00 9.991595149040222168e-01 9.611533880233764648e-01 9.237741231918334961e-01 8.828648924827575684e-01 8.463580012321472168e-01 7.856597304344177246e-01 7.538732886314392090e-01 7.262281179428100586e-01 7.263048291206359863e-01 7.250846028327941895e-01 7.210850119590759277e-01 7.140883207321166992e-01 7.124447226524353027e-01 7.226544618606567383e-01 7.185409665107727051e-01 7.270495295524597168e-01 7.375063300132751465e-01 7.488296627998352051e-01 7.614566087722778320e-01 7.771345973014831543e-01 7.965552806854248047e-01 8.108900785446166992e-01 8.172417283058166504e-01 8.336090445518493652e-01 8.678801059722900391e-01 8.860578536987304688e-01 9.136416912078857422e-01 9.607327580451965332e-01 9.883974194526672363e-01 1.010905146598815918e+00 1.030603885650634766e+00 1.054487109184265137e+00 1.106350064277648926e+00 1.152706265449523926e+00 1.228306770324707031e+00 1.281475543975830078e+00 1.333118796348571777e+00 1.367600917816162109e+00 1.407146334648132324e+00 1.405894756317138672e+00 1.398985385894775391e+00 1.385271668434143066e+00 1.355523586273193359e+00 1.324909567832946777e+00 1.311969041824340820e+00 1.301435589790344238e+00 1.304300904273986816e+00 1.274272203445434570e+00 1.224360466003417969e+00 1.212262511253356934e+00 1.171560645103454590e+00 1.138336658477783203e+00 1.122786283493041992e+00 1.102663278579711914e+00 1.092763543128967285e+00 1.075219035148620605e+00 1.071061372756958008e+00 1.073414564132690430e+00 1.073384523391723633e+00 1.075026750564575195e+00 1.089583277702331543e+00 1.090349555015563965e+00 1.069657564163208008e+00 1.073136568069458008e+00 1.028146386146545410e+00 1.013840675354003906e+00 1.021484732627868652e+00 1.050650000572204590e+00 1.037280797958374023e+00 1.016279578208923340e+00 9.809125065803527832e-01
1.093999266624450684e+00 1.090229988098144531e+00 1.087947964668273926e+00 1.085040807723999023e+00 1.084638595581054688e+00 1.084458470344543457e+00 1.064990639686584473e+00 1.063421487808227539e+00 1.067967295646667480e+00 1.056225299835205078e+00 1.055596828460693359e+00 1.051525115966796875e+00 1.036130309104919434e+00 1.016805768013000488e+00 9.911316633224487305e-01 1.005775332450866699e+00 1.043587088584899902e+00 1.070828199386596680e+00 1.090319514274597168e+00 1.109214186668395996e+00 1.103883504867553711e+00 1.088626027107238770e+00 1.071792483329772949e+00 1.051877856254577637e+00 1.046137094497680664e+00 1.038738131523132324e+00 1.031002759933471680e+00 1.012142062187194824e+00 9.935396313667297363e-01 9.717978239059448242e-01 9.331394433975219727e-01 8.785866498947143555e-01 8.406870961189270020e-01 7.853525280952453613e-01 7.539644837379455566e-01 7.383525371551513672e-01 7.213826775550842285e-01 7.179334163665771484e-01 7.104785442352294922e-01 7.110274434089660645e-01 7.204058766365051270e-01 7.284424901008605957e-01 7.244960069656372070e-01 7.221730947494506836e-01 7.297527194023132324e-01 7.401238083839416504e-01 7.625277638435363770e-01 7.853282690048217773e-01 8.013319969177246094e-01 8.150120973587036133e-01 8.088619709014892578e-01 8.303564786911010742e-01 8.720736503601074219e-01 8.998044133186340332e-01 9.263092875480651855e-01 9.567617177963256836e-01 9.833305478096008301e-01 1.007595181465148926e+00 1.026023626327514648e+00 1.059003949165344238e+00 1.120530962944030762e+00 1.174328684806823730e+00 1.228112459182739258e+00 1.287853479385375977e+00 1.331256389617919922e+00 1.369459509849548340e+00 1.399789333343505859e+00 1.396043896675109863e+00 1.389836907386779785e+00 1.376508593559265137e+00 1.356458783149719238e+00 1.345302104949951172e+00 1.345985054969787598e+00 1.306259274482727051e+00 1.280773997306823730e+00 1.264047265052795410e+00 1.249091148376464844e+00 1.229407548904418945e+00 1.173784136772155762e+00 1.134597659111022949e+00 1.145339250564575195e+00 1.126709818840026855e+00 1.112792253494262695e+00 1.093517899513244629e+00 1.077096223831176758e+00 1.078962683677673340e+00 1.068712353706359863e+00 1.054218292236328125e+00 1.085175991058349609e+00 1.093468189239501953e+00 1.066991686820983887e+00 1.074333548545837402e+00 1.053025722503662109e+00 1.033235549926757812e+00 1.037469029426574707e+00 1.051500439643859863e+00 1.051360845565795898e+00 1.015983939170837402e+00 9.729545116424560547e-01
1.096861362457275391e+00 1.092224955558776855e+00 1.084846496582031250e+00 1.074350833892822266e+00 1.074530363082885742e+00 1.068847537040710449e+00 1.061527371406555176e+00 1.057907462120056152e+00 1.065156936645507812e+00 1.058844089508056641e+00 1.057641506195068359e+00 1.050683736801147461e+00 1.046728372573852539e+00 1.034176111221313477e+00 1.005775332450866699e+00 1.015336513519287109e+00 1.053187131881713867e+00 1.051317572593688965e+00 1.054052948951721191e+00 1.086892604827880859e+00 1.090536952018737793e+00 1.077396154403686523e+00 1.063298702239990234e+00 1.041600584983825684e+00 1.036028742790222168e+00 1.034294962882995605e+00 1.035158753395080566e+00 1.019631385803222656e+00 9.970870614051818848e-01 9.731693863868713379e-01 9.453834891319274902e-01 8.854947686195373535e-01 8.354039192199707031e-01 7.799780368804931641e-01 7.507324218750000000e-01 7.388004064559936523e-01 7.178370952606201172e-01 7.130026221275329590e-01 7.105150818824768066e-01 7.137889266014099121e-01 7.081992030143737793e-01 7.225195765495300293e-01 7.265983819961547852e-01 7.259729504585266113e-01 7.234197258949279785e-01 7.446675300598144531e-01 7.629965543746948242e-01 7.772085666656494141e-01 7.968749403953552246e-01 8.141229152679443359e-01 8.219466805458068848e-01 8.350221514701843262e-01 8.830438256263732910e-01 9.121505618095397949e-01 9.327512383460998535e-01 9.622166156768798828e-01 9.906727075576782227e-01 9.965648055076599121e-01 1.026563048362731934e+00 1.074229359626770020e+00 1.136734962463378906e+00 1.189224362373352051e+00 1.247582674026489258e+00 1.292091727256774902e+00 1.344291925430297852e+00 1.397263765335083008e+00 1.423487305641174316e+00 1.426617622375488281e+00 1.395488142967224121e+00 1.384196877479553223e+00 1.361584305763244629e+00 1.346504211425781250e+00 1.343787312507629395e+00 1.287432551383972168e+00 1.252850770950317383e+00 1.246758103370666504e+00 1.222686290740966797e+00 1.208267211914062500e+00 1.171047925949096680e+00 1.146535754203796387e+00 1.135735034942626953e+00 1.108743548393249512e+00 1.099243879318237305e+00 1.090168237686157227e+00 1.075184226036071777e+00 1.075498580932617188e+00 1.055671572685241699e+00 1.067246794700622559e+00 1.086492657661437988e+00 1.091191649436950684e+00 1.082731962203979492e+00 1.103451371192932129e+00 1.089816689491271973e+00 1.083434343338012695e+00 1.054308414459228516e+00 1.048413634300231934e+00 1.044377326965332031e+00 1.026596903800964355e+00 9.666442871093750000e-01
