1.008504509925842285e+00 1.011468529701232910e+00 1.017882227897644043e+00 1.020387053489685059e+00 1.020512700080871582e+00 1.022758841514587402e+00 1.028188586235046387e+00 1.031176209449768066e+00 1.033184766769409180e+00 1.034487247467041016e+00 1.035121679306030273e+00 1.036547064781188965e+00 1.039750933647155762e+00 1.043245553970336914e+00 1.044917345046997070e+00 1.046000242233276367e+00 1.045725107192993164e+00 1.045409917831420898e+00 1.046391367912292480e+00 1.047713398933410645e+00 1.048576116561889648e+00 1.049354314804077148e+00 1.049641251564025879e+00 1.048032283782958984e+00 1.047258734703063965e+00 1.045725464820861816e+00 1.044873952865600586e+00 1.044849991798400879e+00 1.044554233551025391e+00 1.043288588523864746e+00 1.038954377174377441e+00 1.031303524971008301e+00 1.021194219589233398e+00 1.007969260215759277e+00 9.942567944526672363e-01 9.860739111900329590e-01 9.801758527755737305e-01 9.764063954353332520e-01 9.729932546615600586e-01 9.709817767143249512e-01 9.695267677307128906e-01 9.702211618423461914e-01 9.686795473098754883e-01 9.678355455398559570e-01 9.667880535125732422e-01 9.682258963584899902e-01 9.689512848854064941e-01 9.693737030029296875e-01 9.715823531150817871e-01 9.741737842559814453e-01 9.771244525909423828e-01 9.800378084182739258e-01 9.821752309799194336e-01 9.822700023651123047e-01 9.832210540771484375e-01 9.864706993103027344e-01 9.888110160827636719e-01 9.906897544860839844e-01 9.916176795959472656e-01 9.930444359779357910e-01 9.936881065368652344e-01 9.956591725349426270e-01 9.987387061119079590e-01 1.002764344215393066e+00 1.006169438362121582e+00 1.003644227981567383e+00 1.002609133720397949e+00 1.001842141151428223e+00 9.979213476181030273e-01 9.955121278762817383e-01 9.927816390991210938e-01 9.888939261436462402e-01 9.871392250061035156e-01 9.848814606666564941e-01 9.819390773773193359e-01 9.756764769554138184e-01 9.765604138374328613e-01 9.726214408874511719e-01 9.700862169265747070e-01 9.653950929641723633e-01 9.626020789146423340e-01 9.621094465255737305e-01 9.594033956527709961e-01 9.557869434356689453e-01 9.566482901573181152e-01 9.579164981842041016e-01 9.565080404281616211e-01 9.570323228836059570e-01 9.555962085723876953e-01 9.545023441314697266e-01 9.532684683799743652e-01 9.533290266990661621e-01 9.540242552757263184e-01 9.552283287048339844e-01 9.565373659133911133e-01 9.556494355201721191e-01 9.529397487640380859e-01 9.550763368606567383e-01 9.562560319900512695e-01
1.011468529701232910e+00 1.011664271354675293e+00 1.011309742927551270e+00 1.013642549514770508e+00 1.015535473823547363e+00 1.018332123756408691e+00 1.023424625396728516e+00 1.026316642761230469e+00 1.028581261634826660e+00 1.029258370399475098e+00 1.030667662620544434e+00 1.032405614852905273e+00 1.035273551940917969e+00 1.039425969123840332e+00 1.042058587074279785e+00 1.043605089187622070e+00 1.044186353683471680e+00 1.045108556747436523e+00 1.046924352645874023e+00 1.047308444976806641e+00 1.047952294349670410e+00 1.049413323402404785e+00 1.050055861473083496e+00 1.049742102622985840e+00 1.047580361366271973e+00 1.046148300170898438e+00 1.045250773429870605e+00 1.043332695960998535e+00 1.042940497398376465e+00 1.042670607566833496e+00 1.036794543266296387e+00 1.029358625411987305e+00 1.019497275352478027e+00 1.006612777709960938e+00 9.914466142654418945e-01 9.848864078521728516e-01 9.801204800605773926e-01 9.773024916648864746e-01 9.738482236862182617e-01 9.707970023155212402e-01 9.684572815895080566e-01 9.683521986007690430e-01 9.678868651390075684e-01 9.672755599021911621e-01 9.665336608886718750e-01 9.678899049758911133e-01 9.676248431205749512e-01 9.684939384460449219e-01 9.688274860382080078e-01 9.694917201995849609e-01 9.738935828208923340e-01 9.765714406967163086e-01 9.784369468688964844e-01 9.817186594009399414e-01 9.835595488548278809e-01 9.845763444900512695e-01 9.874083995819091797e-01 9.891207218170166016e-01 9.896110892295837402e-01 9.926066398620605469e-01 9.933316111564636230e-01 9.948784708976745605e-01 1.000257015228271484e+00 1.001974225044250488e+00 1.005702376365661621e+00 1.005376696586608887e+00 1.003831863403320312e+00 1.002615571022033691e+00 9.965502619743347168e-01 9.934316277503967285e-01 9.910719394683837891e-01 9.879201650619506836e-01 9.850665330886840820e-01 9.830468893051147461e-01 9.790256023406982422e-01 9.762049317359924316e-01 9.762843847274780273e-01 9.719761013984680176e-01 9.694595336914062500e-01 9.657335281372070312e-01 9.641335606575012207e-01 9.621782302856445312e-01 9.597222805023193359e-01 9.569531083106994629e-01 9.547324776649475098e-01 9.541155099868774414e-01 9.542939662933349609e-01 9.566401243209838867e-01 9.546872973442077637e-01 9.536160230636596680e-01 9.534763693809509277e-01 9.526754021644592285e-01 9.550659060478210449e-01 9.582738876342773438e-01 9.575235247611999512e-01 9.576051831245422363e-01 9.563818573951721191e-01 9.562950730323791504e-01 9.573279619216918945e-01
1.017882227897644043e+00 1.011309742927551270e+00 1.001576542854309082e+00 1.004449009895324707e+00 1.010251045227050781e+00 1.014163494110107422e+00 1.019779205322265625e+00 1.022030591964721680e+00 1.025017738342285156e+00 1.025307297706604004e+00 1.027527093887329102e+00 1.028785705566406250e+00 1.031886100769042969e+00 1.037049531936645508e+00 1.039131879806518555e+00 1.039783239364624023e+00 1.042148232460021973e+00 1.043865442276000977e+00 1.045042514801025391e+00 1.046425938606262207e+00 1.047478079795837402e+00 1.047689557075500488e+00 1.048299193382263184e+00 1.049924612045288086e+00 1.046845674514770508e+00 1.044784069061279297e+00 1.043627977371215820e+00 1.042161226272583008e+00 1.041351556777954102e+00 1.040189027786254883e+00 1.035400390625000000e+00 1.026851415634155273e+00 1.016578435897827148e+00 1.004199028015136719e+00 9.899231195449829102e-01 9.841713309288024902e-01 9.816097021102905273e-01 9.771879315376281738e-01 9.740216732025146484e-01 9.702813029289245605e-01 9.696075320243835449e-01 9.684950113296508789e-01 9.677817225456237793e-01 9.668413400650024414e-01 9.663214683532714844e-01 9.666000604629516602e-01 9.667526483535766602e-01 9.681599140167236328e-01 9.679745435714721680e-01 9.671194553375244141e-01 9.711713790893554688e-01 9.760841131210327148e-01 9.784497618675231934e-01 9.816502332687377930e-01 9.837139248847961426e-01 9.841811656951904297e-01 9.877567291259765625e-01 9.884459376335144043e-01 9.885590672492980957e-01 9.916986823081970215e-01 9.933039546012878418e-01 9.952067136764526367e-01 1.000530242919921875e+00 1.002178192138671875e+00 1.004854321479797363e+00 1.005096793174743652e+00 1.003071546554565430e+00 1.001199603080749512e+00 9.958639144897460938e-01 9.947367906570434570e-01 9.897452592849731445e-01 9.864828586578369141e-01 9.834820032119750977e-01 9.820500016212463379e-01 9.775851368904113770e-01 9.733515977859497070e-01 9.737433791160583496e-01 9.706299304962158203e-01 9.681047201156616211e-01 9.631956815719604492e-01 9.633066058158874512e-01 9.609563946723937988e-01 9.595144987106323242e-01 9.580335617065429688e-01 9.555488228797912598e-01 9.542768001556396484e-01 9.525882601737976074e-01 9.541494250297546387e-01 9.553298950195312500e-01 9.571036100387573242e-01 9.551870822906494141e-01 9.541032314300537109e-01 9.565716385841369629e-01 9.585835337638854980e-01 9.605154991149902344e-01 9.598420262336730957e-01 9.562505483627319336e-01 9.559173583984375000e-01 9.572620391845703125e-01
1.020387053489685059e+00 1.013642549514770508e+00 1.004449009895324707e+00 9.996095299720764160e-01 1.006546735763549805e+00 1.010340332984924316e+00 1.017301440238952637e+00 1.019971370697021484e+00 1.023505449295043945e+00 1.023270845413208008e+00 1.026269793510437012e+00 1.027505993843078613e+00 1.031326055526733398e+00 1.036802530288696289e+00 1.039689779281616211e+00 1.039485931396484375e+00 1.042231321334838867e+00 1.043741464614868164e+00 1.045016884803771973e+00 1.046514511108398438e+00 1.048033237457275391e+00 1.047502279281616211e+00 1.047647476196289062e+00 1.049593329429626465e+00 1.046680331230163574e+00 1.044182062149047852e+00 1.042930364608764648e+00 1.042389750480651855e+00 1.039382338523864746e+00 1.038093328475952148e+00 1.033357143402099609e+00 1.025543808937072754e+00 1.014537453651428223e+00 1.001991510391235352e+00 9.888834953308105469e-01 9.833275079727172852e-01 9.802072644233703613e-01 9.764435887336730957e-01 9.742046594619750977e-01 9.716403484344482422e-01 9.691094756126403809e-01 9.682632684707641602e-01 9.671252965927124023e-01 9.659506678581237793e-01 9.654552340507507324e-01 9.660763740539550781e-01 9.665441513061523438e-01 9.674172401428222656e-01 9.672513008117675781e-01 9.668263792991638184e-01 9.712515473365783691e-01 9.738858342170715332e-01 9.769211411476135254e-01 9.806974530220031738e-01 9.823271632194519043e-01 9.849988818168640137e-01 9.874483346939086914e-01 9.892864227294921875e-01 9.893732070922851562e-01 9.928649663925170898e-01 9.943441748619079590e-01 9.964108467102050781e-01 9.999707937240600586e-01 1.002671837806701660e+00 1.005403161048889160e+00 1.004050254821777344e+00 1.004393815994262695e+00 1.003412246704101562e+00 9.978920221328735352e-01 9.952250123023986816e-01 9.903584718704223633e-01 9.858576655387878418e-01 9.831339120864868164e-01 9.795677065849304199e-01 9.754720926284790039e-01 9.709636569023132324e-01 9.709995985031127930e-01 9.694044589996337891e-01 9.687358140945434570e-01 9.637724161148071289e-01 9.632189273834228516e-01 9.622163176536560059e-01 9.604901075363159180e-01 9.588166475296020508e-01 9.556772112846374512e-01 9.535852670669555664e-01 9.529100060462951660e-01 9.546396136283874512e-01 9.563041329383850098e-01 9.576493501663208008e-01 9.568811655044555664e-01 9.566833376884460449e-01 9.587961435317993164e-01 9.590251445770263672e-01 9.631853699684143066e-01 9.607819318771362305e-01 9.580619335174560547e-01 9.583329558372497559e-01 9.596347808837890625e-01
1.020512700080871582e+00 1.015535473823547363e+00 1.010251045227050781e+00 1.006546735763549805e+00 1.002173066139221191e+00 1.005537867546081543e+00 1.013532400131225586e+00 1.017026185989379883e+00 1.021676778793334961e+00 1.021330237388610840e+00 1.024276733398437500e+00 1.025415420532226562e+00 1.028561711311340332e+00 1.034376740455627441e+00 1.036759853363037109e+00 1.037428021430969238e+00 1.039530754089355469e+00 1.041536092758178711e+00 1.043292880058288574e+00 1.045866966247558594e+00 1.047184467315673828e+00 1.047681927680969238e+00 1.047038078308105469e+00 1.047143936157226562e+00 1.044315099716186523e+00 1.043491721153259277e+00 1.042618870735168457e+00 1.040626645088195801e+00 1.038459897041320801e+00 1.035915493965148926e+00 1.029999136924743652e+00 1.023684144020080566e+00 1.012905359268188477e+00 1.000366926193237305e+00 9.859671592712402344e-01 9.803037643432617188e-01 9.777823686599731445e-01 9.738829731941223145e-01 9.726265072822570801e-01 9.696605205535888672e-01 9.679133892059326172e-01 9.666782021522521973e-01 9.632350206375122070e-01 9.631604552268981934e-01 9.645646214485168457e-01 9.660038352012634277e-01 9.639690518379211426e-01 9.644676446914672852e-01 9.651393890380859375e-01 9.656736254692077637e-01 9.679490327835083008e-01 9.713305234909057617e-01 9.734743833541870117e-01 9.772445559501647949e-01 9.807935953140258789e-01 9.834947586059570312e-01 9.852239489555358887e-01 9.879695773124694824e-01 9.893420338630676270e-01 9.908517599105834961e-01 9.930431842803955078e-01 9.949454665184020996e-01 9.987976551055908203e-01 1.002168893814086914e+00 1.005254030227661133e+00 1.003818631172180176e+00 1.005385994911193848e+00 1.002322077751159668e+00 9.946402907371520996e-01 9.920491576194763184e-01 9.885787367820739746e-01 9.841976761817932129e-01 9.815040230751037598e-01 9.755542278289794922e-01 9.740189909934997559e-01 9.710030555725097656e-01 9.709789752960205078e-01 9.705739617347717285e-01 9.703226089477539062e-01 9.649989604949951172e-01 9.643444418907165527e-01 9.625973701477050781e-01 9.608938694000244141e-01 9.580486416816711426e-01 9.551441669464111328e-01 9.525228738784790039e-01 9.520861506462097168e-01 9.551348090171813965e-01 9.551547765731811523e-01 9.554803371429443359e-01 9.547806978225708008e-01 9.567753076553344727e-01 9.595971703529357910e-01 9.604926109313964844e-01 9.615601897239685059e-01 9.600098133087158203e-01 9.573968648910522461e-01 9.577649235725402832e-01 9.593417644500732422e-01
1.022758841514587402e+00 1.018332123756408691e+00 1.014163494110107422e+00 1.010340332984924316e+00 1.005537867546081543e+00 1.007320165634155273e+00 1.012917637825012207e+00 1.016868472099304199e+00 1.023040413856506348e+00 1.022031784057617188e+00 1.023526549339294434e+00 1.024362444877624512e+00 1.027338385581970215e+00 1.033085703849792480e+00 1.036060810089111328e+00 1.036712408065795898e+00 1.039117932319641113e+00 1.041402459144592285e+00 1.042902231216430664e+00 1.045051097869873047e+00 1.046352982521057129e+00 1.047197341918945312e+00 1.047145247459411621e+00 1.047015547752380371e+00 1.043839454650878906e+00 1.043245077133178711e+00 1.042999625205993652e+00 1.041035294532775879e+00 1.039511680603027344e+00 1.037068724632263184e+00 1.029985904693603516e+00 1.023267388343811035e+00 1.013991713523864746e+00 1.001941800117492676e+00 9.880146980285644531e-01 9.818271398544311523e-01 9.774015545845031738e-01 9.739480614662170410e-01 9.709819555282592773e-01 9.684389233589172363e-01 9.674126505851745605e-01 9.666821956634521484e-01 9.640365242958068848e-01 9.636914134025573730e-01 9.639431238174438477e-01 9.643255472183227539e-01 9.638203978538513184e-01 9.644883871078491211e-01 9.653103351593017578e-01 9.658875465393066406e-01 9.680269956588745117e-01 9.707763791084289551e-01 9.725849628448486328e-01 9.763984084129333496e-01 9.814532399177551270e-01 9.856091737747192383e-01 9.869554042816162109e-01 9.888708591461181641e-01 9.894528388977050781e-01 9.910811185836791992e-01 9.940034747123718262e-01 9.972431063652038574e-01 9.986295104026794434e-01 1.001831531524658203e+00 1.005858540534973145e+00 1.003996610641479492e+00 1.002894043922424316e+00 9.999880194664001465e-01 9.953354001045227051e-01 9.906146526336669922e-01 9.869379997253417969e-01 9.830375909805297852e-01 9.800699949264526367e-01 9.774878025054931641e-01 9.747489690780639648e-01 9.724678993225097656e-01 9.733612537384033203e-01 9.743883609771728516e-01 9.727129340171813965e-01 9.687752723693847656e-01 9.668233394622802734e-01 9.635696411132812500e-01 9.608864188194274902e-01 9.584387540817260742e-01 9.542059302330017090e-01 9.534891247749328613e-01 9.520832896232604980e-01 9.558733701705932617e-01 9.569126963615417480e-01 9.584623575210571289e-01 9.572456479072570801e-01 9.589914083480834961e-01 9.609283208847045898e-01 9.601683020591735840e-01 9.612661600112915039e-01 9.606788754463195801e-01 9.589609503746032715e-01 9.594844579696655273e-01 9.588411450386047363e-01
1.028188586235046387e+00 1.023424625396728516e+00 1.019779205322265625e+00 1.017301440238952637e+00 1.013532400131225586e+00 1.012917637825012207e+00 1.006284117698669434e+00 1.014373779296875000e+00 1.021506786346435547e+00 1.020025372505187988e+00 1.019924521446228027e+00 1.020316243171691895e+00 1.023478269577026367e+00 1.029720544815063477e+00 1.034131407737731934e+00 1.036355376243591309e+00 1.038452029228210449e+00 1.041425824165344238e+00 1.043482065200805664e+00 1.044398427009582520e+00 1.046153664588928223e+00 1.046903133392333984e+00 1.047236323356628418e+00 1.046897888183593750e+00 1.044193148612976074e+00 1.043760061264038086e+00 1.043376564979553223e+00 1.042003989219665527e+00 1.040602803230285645e+00 1.037570595741271973e+00 1.032244086265563965e+00 1.023942708969116211e+00 1.014835000038146973e+00 1.003002524375915527e+00 9.882727265357971191e-01 9.824874401092529297e-01 9.777185320854187012e-01 9.739895462989807129e-01 9.722237586975097656e-01 9.694111943244934082e-01 9.676336646080017090e-01 9.663763642311096191e-01 9.647102952003479004e-01 9.645816087722778320e-01 9.643095731735229492e-01 9.655765891075134277e-01 9.657604098320007324e-01 9.661858081817626953e-01 9.670195579528808594e-01 9.676290750503540039e-01 9.693705439567565918e-01 9.711959958076477051e-01 9.732133746147155762e-01 9.768332242965698242e-01 9.814425110816955566e-01 9.836318492889404297e-01 9.870266914367675781e-01 9.887943863868713379e-01 9.909316301345825195e-01 9.927881360054016113e-01 9.946930408477783203e-01 9.976872801780700684e-01 1.000016927719116211e+00 1.002335190773010254e+00 1.005691289901733398e+00 1.004123926162719727e+00 1.002038598060607910e+00 1.000416874885559082e+00 9.942055940628051758e-01 9.909154176712036133e-01 9.883819818496704102e-01 9.841557741165161133e-01 9.821341633796691895e-01 9.786473512649536133e-01 9.757039546966552734e-01 9.754144549369812012e-01 9.749698042869567871e-01 9.757325649261474609e-01 9.737117886543273926e-01 9.699349999427795410e-01 9.664589762687683105e-01 9.634111523628234863e-01 9.591740369796752930e-01 9.578331708908081055e-01 9.561578035354614258e-01 9.562587141990661621e-01 9.553151726722717285e-01 9.570209980010986328e-01 9.597096443176269531e-01 9.607113003730773926e-01 9.602921605110168457e-01 9.612571001052856445e-01 9.616078734397888184e-01 9.607326388359069824e-01 9.627264738082885742e-01 9.597111940383911133e-01 9.585951566696166992e-01 9.582148194313049316e-01 9.571043252944946289e-01
1.031176209449768066e+00 1.026316642761230469e+00 1.022030591964721680e+00 1.019971370697021484e+00 1.017026185989379883e+00 1.016868472099304199e+00 1.014373779296875000e+00 1.014657616615295410e+00 1.012745499610900879e+00 1.012676000595092773e+00 1.012932777404785156e+00 1.013171315193176270e+00 1.016897678375244141e+00 1.023768186569213867e+00 1.029012799263000488e+00 1.032737135887145996e+00 1.035712480545043945e+00 1.039579987525939941e+00 1.040903210639953613e+00 1.043347954750061035e+00 1.044380068778991699e+00 1.044536232948303223e+00 1.045149087905883789e+00 1.044824004173278809e+00 1.042947173118591309e+00 1.041582942008972168e+00 1.040714144706726074e+00 1.040420413017272949e+00 1.038681387901306152e+00 1.036788582801818848e+00 1.031073808670043945e+00 1.023701429367065430e+00 1.013332486152648926e+00 1.000769972801208496e+00 9.860056638717651367e-01 9.793757796287536621e-01 9.761980175971984863e-01 9.725790619850158691e-01 9.698076248168945312e-01 9.664964079856872559e-01 9.663315415382385254e-01 9.657033681869506836e-01 9.638472199440002441e-01 9.617962241172790527e-01 9.618033766746520996e-01 9.635959267616271973e-01 9.640740156173706055e-01 9.640166759490966797e-01 9.651465415954589844e-01 9.666741490364074707e-01 9.667875170707702637e-01 9.684135317802429199e-01 9.722045063972473145e-01 9.764291644096374512e-01 9.790826439857482910e-01 9.808115959167480469e-01 9.853365421295166016e-01 9.875221848487854004e-01 9.877516627311706543e-01 9.895773530006408691e-01 9.915994405746459961e-01 9.943740963935852051e-01 9.965434074401855469e-01 9.979071617126464844e-01 1.001684784889221191e+00 1.001076459884643555e+00 9.983211755752563477e-01 9.980252385139465332e-01 9.919514060020446777e-01 9.874812960624694824e-01 9.860167503356933594e-01 9.811123609542846680e-01 9.774435758590698242e-01 9.746828079223632812e-01 9.734896421432495117e-01 9.727056622505187988e-01 9.730055332183837891e-01 9.730331897735595703e-01 9.714583158493041992e-01 9.678587913513183594e-01 9.641200304031372070e-01 9.592282176017761230e-01 9.567912220954895020e-01 9.568761587142944336e-01 9.569725990295410156e-01 9.553643465042114258e-01 9.546698927879333496e-01 9.557067751884460449e-01 9.583411812782287598e-01 9.590113162994384766e-01 9.572763442993164062e-01 9.583389759063720703e-01 9.601349830627441406e-01 9.595966935157775879e-01 9.616149663925170898e-01 9.580222964286804199e-01 9.562001228332519531e-01 9.536468386650085449e-01 9.526494741439819336e-01
1.033184766769409180e+00 1.028581261634826660e+00 1.025017738342285156e+00 1.023505449295043945e+00 1.021676778793334961e+00 1.023040413856506348e+00 1.021506786346435547e+00 1.012745499610900879e+00 1.004752397537231445e+00 1.005253553390502930e+00 1.006400465965270996e+00 1.007884860038757324e+00 1.012850046157836914e+00 1.019878983497619629e+00 1.025067210197448730e+00 1.029449701309204102e+00 1.033259391784667969e+00 1.037717342376708984e+00 1.039626598358154297e+00 1.040806293487548828e+00 1.042104363441467285e+00 1.042161583900451660e+00 1.042744755744934082e+00 1.042717576026916504e+00 1.040748953819274902e+00 1.039428472518920898e+00 1.040109872817993164e+00 1.039169788360595703e+00 1.037787675857543945e+00 1.034685134887695312e+00 1.029764056205749512e+00 1.023032307624816895e+00 1.013721823692321777e+00 9.993851780891418457e-01 9.850637316703796387e-01 9.785177111625671387e-01 9.743010401725769043e-01 9.699208736419677734e-01 9.674805402755737305e-01 9.645152688026428223e-01 9.644809961318969727e-01 9.638926386833190918e-01 9.634099006652832031e-01 9.622635841369628906e-01 9.617777466773986816e-01 9.618958830833435059e-01 9.621934294700622559e-01 9.628689289093017578e-01 9.646893143653869629e-01 9.661063551902770996e-01 9.672607183456420898e-01 9.692394733428955078e-01 9.721621870994567871e-01 9.766542315483093262e-01 9.784650206565856934e-01 9.803012609481811523e-01 9.837706685066223145e-01 9.854817390441894531e-01 9.863019585609436035e-01 9.882648587226867676e-01 9.914803504943847656e-01 9.928282499313354492e-01 9.956626892089843750e-01 9.982885122299194336e-01 1.001407742500305176e+00 9.992452859878540039e-01 9.986028075218200684e-01 9.990025162696838379e-01 9.924947619438171387e-01 9.884002208709716797e-01 9.854345321655273438e-01 9.790166616439819336e-01 9.761969447135925293e-01 9.745320677757263184e-01 9.727714061737060547e-01 9.708820581436157227e-01 9.727629423141479492e-01 9.705524444580078125e-01 9.672594666481018066e-01 9.642546176910400391e-01 9.623233675956726074e-01 9.580816626548767090e-01 9.589616060256958008e-01 9.574013352394104004e-01 9.555725455284118652e-01 9.544390439987182617e-01 9.527207016944885254e-01 9.546697735786437988e-01 9.563163518905639648e-01 9.568305015563964844e-01 9.560961127281188965e-01 9.565750956535339355e-01 9.580484628677368164e-01 9.577587246894836426e-01 9.598903059959411621e-01 9.558529257774353027e-01 9.548249244689941406e-01 9.520351290702819824e-01 9.518876671791076660e-01
1.034487247467041016e+00 1.029258370399475098e+00 1.025307297706604004e+00 1.023270845413208008e+00 1.021330237388610840e+00 1.022031784057617188e+00 1.020025372505187988e+00 1.012676000595092773e+00 1.005253553390502930e+00 9.973857998847961426e-01 9.984602928161621094e-01 1.001939535140991211e+00 1.009159564971923828e+00 1.016907095909118652e+00 1.022935867309570312e+00 1.027346253395080566e+00 1.030649185180664062e+00 1.034552812576293945e+00 1.037502765655517578e+00 1.038646578788757324e+00 1.039865493774414062e+00 1.040892004966735840e+00 1.040735960006713867e+00 1.041057944297790527e+00 1.038857817649841309e+00 1.037840843200683594e+00 1.038056373596191406e+00 1.037666559219360352e+00 1.036444664001464844e+00 1.033970952033996582e+00 1.028959631919860840e+00 1.020301222801208496e+00 1.010770916938781738e+00 9.978564381599426270e-01 9.833061695098876953e-01 9.757456183433532715e-01 9.721885323524475098e-01 9.675030708312988281e-01 9.647255539894104004e-01 9.624893665313720703e-01 9.632795453071594238e-01 9.638800024986267090e-01 9.631953835487365723e-01 9.625140428543090820e-01 9.625371098518371582e-01 9.603901505470275879e-01 9.606485962867736816e-01 9.632552266120910645e-01 9.659205675125122070e-01 9.673675894737243652e-01 9.682860374450683594e-01 9.691569805145263672e-01 9.717807173728942871e-01 9.777795672416687012e-01 9.793941974639892578e-01 9.803290963172912598e-01 9.817019701004028320e-01 9.834516644477844238e-01 9.856147170066833496e-01 9.890091419219970703e-01 9.912822246551513672e-01 9.923022389411926270e-01 9.950720071792602539e-01 9.998485445976257324e-01 1.003008246421813965e+00 1.002492070198059082e+00 1.001504182815551758e+00 1.000839710235595703e+00 9.944443702697753906e-01 9.899303317070007324e-01 9.872969388961791992e-01 9.823841452598571777e-01 9.774032235145568848e-01 9.747957587242126465e-01 9.742815494537353516e-01 9.726608991622924805e-01 9.741252064704895020e-01 9.701238870620727539e-01 9.679409861564636230e-01 9.634965658187866211e-01 9.622887969017028809e-01 9.596749544143676758e-01 9.591010212898254395e-01 9.580942988395690918e-01 9.557090997695922852e-01 9.540734887123107910e-01 9.526731371879577637e-01 9.553869366645812988e-01 9.573895335197448730e-01 9.560586214065551758e-01 9.567021727561950684e-01 9.582606554031372070e-01 9.592445492744445801e-01 9.583234786987304688e-01 9.584696888923645020e-01 9.560919404029846191e-01 9.553903937339782715e-01 9.548909068107604980e-01 9.536619782447814941e-01
1.035121679306030273e+00 1.030667662620544434e+00 1.027527093887329102e+00 1.026269793510437012e+00 1.024276733398437500e+00 1.023526549339294434e+00 1.019924521446228027e+00 1.012932777404785156e+00 1.006400465965270996e+00 9.984602928161621094e-01 9.923920631408691406e-01 9.979970455169677734e-01 1.007332324981689453e+00 1.015545368194580078e+00 1.020722985267639160e+00 1.024164080619812012e+00 1.026758193969726562e+00 1.030122399330139160e+00 1.033108353614807129e+00 1.035041213035583496e+00 1.036439299583435059e+00 1.037607669830322266e+00 1.037819385528564453e+00 1.038424611091613770e+00 1.036036252975463867e+00 1.034658312797546387e+00 1.035691857337951660e+00 1.035654187202453613e+00 1.034583330154418945e+00 1.031967639923095703e+00 1.026640057563781738e+00 1.019149065017700195e+00 1.009047865867614746e+00 9.965506792068481445e-01 9.806829094886779785e-01 9.725767374038696289e-01 9.694546461105346680e-01 9.650177955627441406e-01 9.628051519393920898e-01 9.613239765167236328e-01 9.613652825355529785e-01 9.610204100608825684e-01 9.606245756149291992e-01 9.599137306213378906e-01 9.609710574150085449e-01 9.604173898696899414e-01 9.600476026535034180e-01 9.629984498023986816e-01 9.657561182975769043e-01 9.667443037033081055e-01 9.675016999244689941e-01 9.695541262626647949e-01 9.728556275367736816e-01 9.765467047691345215e-01 9.788556694984436035e-01 9.800733327865600586e-01 9.816223978996276855e-01 9.826195240020751953e-01 9.847651720046997070e-01 9.881015419960021973e-01 9.902756214141845703e-01 9.913784861564636230e-01 9.969018101692199707e-01 9.997373819351196289e-01 1.004581928253173828e+00 1.003301382064819336e+00 1.001124739646911621e+00 9.991211891174316406e-01 9.934850335121154785e-01 9.909922480583190918e-01 9.888636469841003418e-01 9.837563037872314453e-01 9.783693552017211914e-01 9.768471121788024902e-01 9.755442738533020020e-01 9.731774926185607910e-01 9.727162122726440430e-01 9.690716266632080078e-01 9.664417505264282227e-01 9.617035388946533203e-01 9.604549407958984375e-01 9.577506780624389648e-01 9.569459557533264160e-01 9.563599824905395508e-01 9.547508955001831055e-01 9.525961279869079590e-01 9.505542516708374023e-01 9.540351033210754395e-01 9.546611905097961426e-01 9.557072520256042480e-01 9.566652774810791016e-01 9.579085111618041992e-01 9.578705430030822754e-01 9.582122564315795898e-01 9.594217538833618164e-01 9.572319984436035156e-01 9.555406570434570312e-01 9.543620347976684570e-01 9.533752202987670898e-01
1.036547064781188965e+00 1.032405614852905273e+00 1.028785705566406250e+00 1.027505993843078613e+00 1.025415420532226562e+00 1.024362444877624512e+00 1.020316243171691895e+00 1.013171315193176270e+00 1.007884860038757324e+00 1.001939535140991211e+00 9.979970455169677734e-01 9.954096674919128418e-01 1.003540873527526855e+00 1.012220382690429688e+00 1.015911579132080078e+00 1.017973661422729492e+00 1.021268248558044434e+00 1.025393247604370117e+00 1.027899980545043945e+00 1.030184388160705566e+00 1.031716942787170410e+00 1.033267378807067871e+00 1.034048914909362793e+00 1.035301327705383301e+00 1.034214854240417480e+00 1.033510208129882812e+00 1.033686399459838867e+00 1.033934593200683594e+00 1.031828761100769043e+00 1.029377579689025879e+00 1.024537324905395508e+00 1.016412377357482910e+00 1.006614327430725098e+00 9.938165545463562012e-01 9.790738224983215332e-01 9.720348119735717773e-01 9.679748415946960449e-01 9.638968706130981445e-01 9.618977904319763184e-01 9.599191546440124512e-01 9.599773883819580078e-01 9.596893191337585449e-01 9.598807692527770996e-01 9.594656229019165039e-01 9.601595997810363770e-01 9.614640474319458008e-01 9.607619047164916992e-01 9.628525376319885254e-01 9.654155969619750977e-01 9.665383100509643555e-01 9.685370922088623047e-01 9.705109596252441406e-01 9.732329249382019043e-01 9.766598939895629883e-01 9.790609478950500488e-01 9.809514880180358887e-01 9.830423593521118164e-01 9.826336503028869629e-01 9.835026264190673828e-01 9.862824678421020508e-01 9.900404810905456543e-01 9.917414784431457520e-01 9.966113567352294922e-01 1.001576542854309082e+00 1.003550410270690918e+00 1.002174258232116699e+00 1.002114653587341309e+00 1.000641226768493652e+00 9.965050220489501953e-01 9.935479760169982910e-01 9.896883368492126465e-01 9.847068190574645996e-01 9.810393452644348145e-01 9.772752523422241211e-01 9.749785065650939941e-01 9.722961187362670898e-01 9.706870317459106445e-01 9.686577320098876953e-01 9.652673602104187012e-01 9.615542888641357422e-01 9.587209224700927734e-01 9.556108117103576660e-01 9.546766877174377441e-01 9.553090929985046387e-01 9.533973336219787598e-01 9.518111944198608398e-01 9.509550333023071289e-01 9.533941745758056641e-01 9.529302716255187988e-01 9.524120092391967773e-01 9.565227031707763672e-01 9.568604230880737305e-01 9.572707414627075195e-01 9.581410288810729980e-01 9.598420262336730957e-01 9.564257264137268066e-01 9.544354081153869629e-01 9.545223116874694824e-01 9.546706676483154297e-01
1.039750933647155762e+00 1.035273551940917969e+00 1.031886100769042969e+00 1.031326055526733398e+00 1.028561711311340332e+00 1.027338385581970215e+00 1.023478269577026367e+00 1.016897678375244141e+00 1.012850046157836914e+00 1.009159564971923828e+00 1.007332324981689453e+00 1.003540873527526855e+00 1.005567312240600586e+00 1.010446190834045410e+00 1.013509631156921387e+00 1.014024972915649414e+00 1.016719698905944824e+00 1.020586371421813965e+00 1.022566795349121094e+00 1.025533914566040039e+00 1.027477622032165527e+00 1.029542922973632812e+00 1.030765175819396973e+00 1.032088398933410645e+00 1.032201051712036133e+00 1.033086538314819336e+00 1.033062815666198730e+00 1.031858444213867188e+00 1.030790805816650391e+00 1.028718709945678711e+00 1.024521470069885254e+00 1.017023682594299316e+00 1.006327986717224121e+00 9.934511184692382812e-01 9.788361787796020508e-01 9.718576669692993164e-01 9.681642055511474609e-01 9.647559523582458496e-01 9.632852077484130859e-01 9.603588581085205078e-01 9.605517387390136719e-01 9.599645733833312988e-01 9.611986279487609863e-01 9.611616134643554688e-01 9.613872170448303223e-01 9.640011787414550781e-01 9.639712572097778320e-01 9.669312834739685059e-01 9.689263105392456055e-01 9.687902927398681641e-01 9.702851772308349609e-01 9.724374413490295410e-01 9.748594760894775391e-01 9.772452116012573242e-01 9.791990518569946289e-01 9.817482233047485352e-01 9.842653870582580566e-01 9.837861657142639160e-01 9.840740561485290527e-01 9.883390069007873535e-01 9.917399287223815918e-01 9.945390820503234863e-01 9.991757273674011230e-01 1.003900051116943359e+00 1.007221341133117676e+00 1.005135416984558105e+00 1.003278613090515137e+00 1.002213120460510254e+00 9.990705251693725586e-01 9.946255683898925781e-01 9.916463494300842285e-01 9.868844151496887207e-01 9.837309718132019043e-01 9.793224334716796875e-01 9.762710332870483398e-01 9.738785624504089355e-01 9.734525680541992188e-01 9.683653116226196289e-01 9.665724039077758789e-01 9.638269543647766113e-01 9.607694149017333984e-01 9.579159021377563477e-01 9.562201499938964844e-01 9.556025266647338867e-01 9.523522257804870605e-01 9.516902565956115723e-01 9.521362185478210449e-01 9.517840743064880371e-01 9.522803425788879395e-01 9.527968764305114746e-01 9.562194943428039551e-01 9.580867290496826172e-01 9.579176902770996094e-01 9.589291214942932129e-01 9.588718414306640625e-01 9.571537971496582031e-01 9.554740786552429199e-01 9.548880457878112793e-01 9.553399682044982910e-01
1.043245553970336914e+00 1.039425969123840332e+00 1.037049531936645508e+00 1.036802530288696289e+00 1.034376740455627441e+00 1.033085703849792480e+00 1.029720544815063477e+00 1.023768186569213867e+00 1.019878983497619629e+00 1.016907095909118652e+00 1.015545368194580078e+00 1.012220382690429688e+00 1.010446190834045410e+00 1.007812619209289551e+00 1.009765386581420898e+00 1.009744286537170410e+00 1.011883139610290527e+00 1.015498280525207520e+00 1.017561316490173340e+00 1.021033287048339844e+00 1.023903489112854004e+00 1.026777625083923340e+00 1.029037475585937500e+00 1.029968500137329102e+00 1.030061960220336914e+00 1.031425356864929199e+00 1.032613396644592285e+00 1.030948162078857422e+00 1.030525088310241699e+00 1.029706239700317383e+00 1.025443434715270996e+00 1.017380595207214355e+00 1.006868124008178711e+00 9.931267499923706055e-01 9.771264791488647461e-01 9.709949493408203125e-01 9.675802588462829590e-01 9.655954241752624512e-01 9.633259177207946777e-01 9.599671363830566406e-01 9.599697589874267578e-01 9.599868655204772949e-01 9.615265727043151855e-01 9.621750712394714355e-01 9.637801051139831543e-01 9.668788909912109375e-01 9.673607349395751953e-01 9.692460894584655762e-01 9.702346920967102051e-01 9.704294800758361816e-01 9.719242453575134277e-01 9.736467599868774414e-01 9.775683879852294922e-01 9.798602461814880371e-01 9.804899096488952637e-01 9.836790561676025391e-01 9.854139685630798340e-01 9.860684275627136230e-01 9.881350994110107422e-01 9.918392300605773926e-01 9.940717816352844238e-01 9.965316057205200195e-01 1.001818299293518066e+00 1.005524396896362305e+00 1.007706046104431152e+00 1.005130648612976074e+00 1.006067991256713867e+00 1.004326462745666504e+00 1.000473618507385254e+00 9.963964819908142090e-01 9.942303895950317383e-01 9.898288846015930176e-01 9.845006465911865234e-01 9.805361032485961914e-01 9.770848751068115234e-01 9.738626480102539062e-01 9.734219908714294434e-01 9.698988199234008789e-01 9.678863286972045898e-01 9.646567106246948242e-01 9.626793861389160156e-01 9.607126712799072266e-01 9.583851099014282227e-01 9.550268054008483887e-01 9.526060223579406738e-01 9.512855410575866699e-01 9.514031410217285156e-01 9.532946944236755371e-01 9.549807310104370117e-01 9.565144181251525879e-01 9.582620859146118164e-01 9.589028358459472656e-01 9.591376185417175293e-01 9.591142535209655762e-01 9.589687585830688477e-01 9.578089714050292969e-01 9.574114680290222168e-01 9.571728110313415527e-01 9.565250277519226074e-01
1.044917345046997070e+00 1.042058587074279785e+00 1.039131879806518555e+00 1.039689779281616211e+00 1.036759853363037109e+00 1.036060810089111328e+00 1.034131407737731934e+00 1.029012799263000488e+00 1.025067210197448730e+00 1.022935867309570312e+00 1.020722985267639160e+00 1.015911579132080078e+00 1.013509631156921387e+00 1.009765386581420898e+00 1.003808259963989258e+00 1.003350734710693359e+00 1.007195115089416504e+00 1.010876059532165527e+00 1.012406706809997559e+00 1.015200853347778320e+00 1.018859744071960449e+00 1.023470520973205566e+00 1.025515913963317871e+00 1.027495145797729492e+00 1.027712345123291016e+00 1.029426813125610352e+00 1.030125379562377930e+00 1.030023217201232910e+00 1.029721379280090332e+00 1.028973102569580078e+00 1.024931073188781738e+00 1.017605781555175781e+00 1.006703734397888184e+00 9.918201565742492676e-01 9.752634763717651367e-01 9.688708782196044922e-01 9.659199118614196777e-01 9.637048244476318359e-01 9.623393416404724121e-01 9.585063457489013672e-01 9.586996436119079590e-01 9.591631889343261719e-01 9.608222246170043945e-01 9.619159698486328125e-01 9.638237357139587402e-01 9.656340479850769043e-01 9.660872220993041992e-01 9.681758880615234375e-01 9.707192182540893555e-01 9.710091352462768555e-01 9.727665781974792480e-01 9.734706878662109375e-01 9.772303700447082520e-01 9.802555441856384277e-01 9.811315536499023438e-01 9.842901229858398438e-01 9.845292568206787109e-01 9.867438077926635742e-01 9.882882833480834961e-01 9.924935698509216309e-01 9.962508678436279297e-01 9.978038668632507324e-01 1.002430081367492676e+00 1.007264614105224609e+00 1.007721424102783203e+00 1.004918932914733887e+00 1.007915139198303223e+00 1.007938385009765625e+00 1.001380801200866699e+00 9.967939853668212891e-01 9.943660497665405273e-01 9.908093214035034180e-01 9.856644272804260254e-01 9.805828928947448730e-01 9.761402010917663574e-01 9.731442332267761230e-01 9.727459549903869629e-01 9.682103395462036133e-01 9.660422801971435547e-01 9.628362655639648438e-01 9.627566337585449219e-01 9.605919718742370605e-01 9.570142626762390137e-01 9.543721675872802734e-01 9.531154632568359375e-01 9.514450430870056152e-01 9.507895708084106445e-01 9.536656737327575684e-01 9.559540748596191406e-01 9.575449824333190918e-01 9.565035104751586914e-01 9.564374685287475586e-01 9.565579891204833984e-01 9.567517042160034180e-01 9.570750594139099121e-01 9.572365880012512207e-01 9.568050503730773926e-01 9.550142884254455566e-01 9.561052322387695312e-01
1.046000242233276367e+00 1.043605089187622070e+00 1.039783239364624023e+00 1.039485931396484375e+00 1.037428021430969238e+00 1.036712408065795898e+00 1.036355376243591309e+00 1.032737135887145996e+00 1.029449701309204102e+00 1.027346253395080566e+00 1.024164080619812012e+00 1.017973661422729492e+00 1.014024972915649414e+00 1.009744286537170410e+00 1.003350734710693359e+00 1.000274300575256348e+00 1.004403948783874512e+00 1.008224725723266602e+00 1.008809566497802734e+00 1.012926936149597168e+00 1.016547799110412598e+00 1.021227955818176270e+00 1.023772358894348145e+00 1.026361823081970215e+00 1.026338458061218262e+00 1.028114438056945801e+00 1.028846502304077148e+00 1.029111504554748535e+00 1.028523325920104980e+00 1.027352571487426758e+00 1.022934675216674805e+00 1.015448570251464844e+00 1.004472136497497559e+00 9.890064001083374023e-01 9.736018180847167969e-01 9.674301743507385254e-01 9.646003246307373047e-01 9.622175693511962891e-01 9.601340293884277344e-01 9.563031196594238281e-01 9.565250277519226074e-01 9.569836258888244629e-01 9.581379890441894531e-01 9.606026411056518555e-01 9.624397754669189453e-01 9.631661772727966309e-01 9.642504453659057617e-01 9.665937423706054688e-01 9.678382277488708496e-01 9.688491821289062500e-01 9.719675183296203613e-01 9.738560318946838379e-01 9.755354523658752441e-01 9.790609478950500488e-01 9.823132157325744629e-01 9.841746687889099121e-01 9.859120249748229980e-01 9.880836606025695801e-01 9.891328215599060059e-01 9.922894835472106934e-01 9.976018667221069336e-01 1.001089334487915039e+00 1.004196047782897949e+00 1.007132649421691895e+00 1.008098244667053223e+00 1.006824016571044922e+00 1.007361054420471191e+00 1.007358074188232422e+00 1.002346873283386230e+00 9.970747232437133789e-01 9.945510029792785645e-01 9.899594783782958984e-01 9.853336811065673828e-01 9.801844358444213867e-01 9.759728312492370605e-01 9.735319018363952637e-01 9.740427136421203613e-01 9.705466628074645996e-01 9.666423797607421875e-01 9.636944532394409180e-01 9.639561176300048828e-01 9.617232680320739746e-01 9.574392437934875488e-01 9.547575116157531738e-01 9.523537158966064453e-01 9.496397972106933594e-01 9.510561823844909668e-01 9.536734819412231445e-01 9.546492099761962891e-01 9.561423063278198242e-01 9.542205929756164551e-01 9.550219178199768066e-01 9.544478058815002441e-01 9.554589390754699707e-01 9.578793644905090332e-01 9.568077921867370605e-01 9.558754563331604004e-01 9.550365209579467773e-01 9.578556418418884277e-01
