9.815003275871276855e-01 9.932222366333007812e-01 1.016848802566528320e+00 1.030407905578613281e+00 1.035188913345336914e+00 1.036765694618225098e+00 1.043058156967163086e+00 1.043730854988098145e+00 1.050453424453735352e+00 1.054752230644226074e+00 1.056562662124633789e+00 1.060928225517272949e+00 1.061179161071777344e+00 1.064409375190734863e+00 1.072438955307006836e+00 1.074355483055114746e+00 1.078594684600830078e+00 1.078700184822082520e+00 1.074566125869750977e+00 1.074207901954650879e+00 1.081217885017395020e+00 1.083096623420715332e+00 1.093349218368530273e+00 1.100657701492309570e+00 1.107362627983093262e+00 1.112871766090393066e+00 1.115630507469177246e+00 1.130384683609008789e+00 1.145749449729919434e+00 1.153261542320251465e+00 1.142970919609069824e+00 1.123057007789611816e+00 1.078143239021301270e+00 1.004686713218688965e+00 9.485039710998535156e-01 9.210843443870544434e-01 9.025526046752929688e-01 8.802874088287353516e-01 8.822456598281860352e-01 8.721183538436889648e-01 8.634083271026611328e-01 8.635569214820861816e-01 8.575073480606079102e-01 8.588638305664062500e-01 8.635197877883911133e-01 8.715202808380126953e-01 8.708869218826293945e-01 8.805439472198486328e-01 8.887003660202026367e-01 8.952667713165283203e-01 8.995200991630554199e-01 9.078986048698425293e-01 9.230751395225524902e-01 9.372103810310363770e-01 9.476490616798400879e-01 9.661130905151367188e-01 9.822031259536743164e-01 9.932524561882019043e-01 9.967502951622009277e-01 1.014399409294128418e+00 1.031968235969543457e+00 1.056451082229614258e+00 1.082956910133361816e+00 1.110039114952087402e+00 1.145048141479492188e+00 1.164850354194641113e+00 1.192633867263793945e+00 1.205545544624328613e+00 1.191220521926879883e+00 1.160301089286804199e+00 1.125369548797607422e+00 1.097791314125061035e+00 1.080836415290832520e+00 1.071277022361755371e+00 1.061445474624633789e+00 1.058300614356994629e+00 1.049213647842407227e+00 1.042623043060302734e+00 1.027818560600280762e+00 1.018736481666564941e+00 1.015904664993286133e+00 1.005207061767578125e+00 1.008653521537780762e+00 1.012800812721252441e+00 1.008702158927917480e+00 9.999658465385437012e-01 9.988600015640258789e-01 9.908607006072998047e-01 9.813926815986633301e-01 9.720571041107177734e-01 9.748085141181945801e-01 9.815257787704467773e-01 9.813904762268066406e-01 9.747922420501708984e-01 9.701572060585021973e-01 9.772302508354187012e-01 9.831117987632751465e-01 9.729585647583007812e-01 9.584245681762695312e-01
9.932222366333007812e-01 9.883354306221008301e-01 9.981275796890258789e-01 1.017432332038879395e+00 1.027678370475769043e+00 1.031729459762573242e+00 1.038820266723632812e+00 1.044536113739013672e+00 1.049844026565551758e+00 1.056341648101806641e+00 1.060747742652893066e+00 1.065162181854248047e+00 1.064474225044250488e+00 1.068359375000000000e+00 1.070224761962890625e+00 1.070651054382324219e+00 1.075260519981384277e+00 1.076474905014038086e+00 1.071668505668640137e+00 1.072782874107360840e+00 1.077247977256774902e+00 1.082118511199951172e+00 1.092556476593017578e+00 1.093187332153320312e+00 1.097695231437683105e+00 1.106061697006225586e+00 1.112838268280029297e+00 1.130053758621215820e+00 1.148935437202453613e+00 1.149274945259094238e+00 1.136971592903137207e+00 1.120525717735290527e+00 1.077710509300231934e+00 9.927986264228820801e-01 9.470760822296142578e-01 9.215219616889953613e-01 9.001311063766479492e-01 8.814940452575683594e-01 8.783380985260009766e-01 8.709822893142700195e-01 8.676354289054870605e-01 8.630805015563964844e-01 8.574030995368957520e-01 8.610911965370178223e-01 8.604614734649658203e-01 8.625577688217163086e-01 8.637022972106933594e-01 8.749719262123107910e-01 8.877044320106506348e-01 8.963945508003234863e-01 9.019179344177246094e-01 9.112145304679870605e-01 9.262112379074096680e-01 9.335762262344360352e-01 9.434064626693725586e-01 9.648077487945556641e-01 9.790111184120178223e-01 9.911791086196899414e-01 9.961597323417663574e-01 1.013244628906250000e+00 1.036106467247009277e+00 1.062257051467895508e+00 1.085480093955993652e+00 1.111662626266479492e+00 1.148059248924255371e+00 1.175085306167602539e+00 1.197195887565612793e+00 1.207633018493652344e+00 1.184874296188354492e+00 1.150841951370239258e+00 1.119850277900695801e+00 1.089994788169860840e+00 1.069147348403930664e+00 1.058153629302978516e+00 1.047383546829223633e+00 1.043457865715026855e+00 1.037036895751953125e+00 1.033089399337768555e+00 1.022543787956237793e+00 1.012735128402709961e+00 1.014397978782653809e+00 1.012142539024353027e+00 1.013170599937438965e+00 1.010410070419311523e+00 1.006365537643432617e+00 9.939177036285400391e-01 9.948516488075256348e-01 9.925583600997924805e-01 9.930983185768127441e-01 9.880267977714538574e-01 9.832891225814819336e-01 9.803190231323242188e-01 9.757258296012878418e-01 9.762323498725891113e-01 9.794463515281677246e-01 9.867143630981445312e-01 9.854524731636047363e-01 9.768103957176208496e-01 9.695783853530883789e-01
1.016848802566528320e+00 9.981275796890258789e-01 9.867762327194213867e-01 9.982811808586120605e-01 1.017118692398071289e+00 1.023839235305786133e+00 1.033144712448120117e+00 1.042173624038696289e+00 1.047779560089111328e+00 1.056812524795532227e+00 1.061068534851074219e+00 1.065872669219970703e+00 1.063223719596862793e+00 1.065425515174865723e+00 1.067765116691589355e+00 1.068522572517395020e+00 1.070663809776306152e+00 1.071386218070983887e+00 1.067708611488342285e+00 1.071410059928894043e+00 1.078352689743041992e+00 1.077097535133361816e+00 1.082494854927062988e+00 1.086555600166320801e+00 1.097003221511840820e+00 1.097719788551330566e+00 1.107505679130554199e+00 1.128206968307495117e+00 1.138029098510742188e+00 1.135060906410217285e+00 1.127393126487731934e+00 1.112164974212646484e+00 1.068832039833068848e+00 9.910205602645874023e-01 9.413353204727172852e-01 9.166359901428222656e-01 8.962062597274780273e-01 8.759073615074157715e-01 8.730373382568359375e-01 8.676459193229675293e-01 8.682292699813842773e-01 8.582444787025451660e-01 8.529080748558044434e-01 8.587037324905395508e-01 8.608927130699157715e-01 8.586737513542175293e-01 8.623349666595458984e-01 8.728395700454711914e-01 8.785026669502258301e-01 8.905190229415893555e-01 8.990966677665710449e-01 9.081553220748901367e-01 9.195235371589660645e-01 9.233342409133911133e-01 9.352183341979980469e-01 9.574221968650817871e-01 9.705311655998229980e-01 9.839596152305603027e-01 9.916021227836608887e-01 1.013261437416076660e+00 1.033799648284912109e+00 1.051572680473327637e+00 1.085505366325378418e+00 1.112830519676208496e+00 1.141950249671936035e+00 1.164972305297851562e+00 1.185551762580871582e+00 1.189363479614257812e+00 1.162991523742675781e+00 1.142662048339843750e+00 1.114008188247680664e+00 1.084147572517395020e+00 1.069300889968872070e+00 1.049208045005798340e+00 1.041462779045104980e+00 1.034877657890319824e+00 1.024218440055847168e+00 1.019795298576354980e+00 1.015987515449523926e+00 1.007153272628784180e+00 1.007621169090270996e+00 1.002721309661865234e+00 1.003124356269836426e+00 1.002346038818359375e+00 9.983097910881042480e-01 9.908073544502258301e-01 9.890189766883850098e-01 9.909982085227966309e-01 9.917131066322326660e-01 9.899306893348693848e-01 9.856598377227783203e-01 9.686130285263061523e-01 9.672539234161376953e-01 9.686902761459350586e-01 9.756707549095153809e-01 9.784933924674987793e-01 9.771019816398620605e-01 9.752730727195739746e-01 9.635549187660217285e-01
1.030407905578613281e+00 1.017432332038879395e+00 9.982811808586120605e-01 9.892740249633789062e-01 1.003089189529418945e+00 1.018576741218566895e+00 1.031254887580871582e+00 1.040214419364929199e+00 1.044078469276428223e+00 1.052859067916870117e+00 1.055940389633178711e+00 1.059451103210449219e+00 1.057707071304321289e+00 1.060250043869018555e+00 1.059736728668212891e+00 1.061268448829650879e+00 1.063123822212219238e+00 1.065946817398071289e+00 1.062915086746215820e+00 1.068064212799072266e+00 1.072408199310302734e+00 1.071778416633605957e+00 1.075679302215576172e+00 1.082385659217834473e+00 1.089804768562316895e+00 1.093867778778076172e+00 1.101542711257934570e+00 1.117410540580749512e+00 1.126879930496215820e+00 1.126555919647216797e+00 1.118868589401245117e+00 1.105743288993835449e+00 1.064015507698059082e+00 9.889385104179382324e-01 9.376146793365478516e-01 9.147018790245056152e-01 8.944478631019592285e-01 8.755953907966613770e-01 8.712382316589355469e-01 8.624764680862426758e-01 8.625282645225524902e-01 8.562769293785095215e-01 8.512928485870361328e-01 8.602936863899230957e-01 8.657997846603393555e-01 8.649212718009948730e-01 8.644732236862182617e-01 8.714627623558044434e-01 8.745669722557067871e-01 8.893474340438842773e-01 8.960279226303100586e-01 9.135890007019042969e-01 9.234441518783569336e-01 9.234707355499267578e-01 9.324011802673339844e-01 9.547749161720275879e-01 9.665915369987487793e-01 9.816543459892272949e-01 9.994006752967834473e-01 1.015747547149658203e+00 1.035108208656311035e+00 1.054470777511596680e+00 1.084747672080993652e+00 1.118740558624267578e+00 1.144590020179748535e+00 1.160834670066833496e+00 1.185263752937316895e+00 1.184755682945251465e+00 1.158432841300964355e+00 1.135019898414611816e+00 1.116592049598693848e+00 1.089310646057128906e+00 1.071195244789123535e+00 1.051079988479614258e+00 1.043069124221801758e+00 1.035689830780029297e+00 1.024643540382385254e+00 1.020074725151062012e+00 1.017279386520385742e+00 9.995822906494140625e-01 1.007618069648742676e+00 1.006778597831726074e+00 9.997675418853759766e-01 9.948112964630126953e-01 9.893887639045715332e-01 9.783124923706054688e-01 9.817788004875183105e-01 9.832929372787475586e-01 9.844776988029479980e-01 9.779095649719238281e-01 9.813699722290039062e-01 9.724435806274414062e-01 9.637708067893981934e-01 9.674195647239685059e-01 9.729124307632446289e-01 9.674468636512756348e-01 9.723925590515136719e-01 9.761290550231933594e-01 9.565016031265258789e-01
1.035188913345336914e+00 1.027678370475769043e+00 1.017118692398071289e+00 1.003089189529418945e+00 9.922586083412170410e-01 1.001917719841003418e+00 1.023670911788940430e+00 1.036822915077209473e+00 1.039305090904235840e+00 1.048352956771850586e+00 1.051852464675903320e+00 1.052298188209533691e+00 1.052023649215698242e+00 1.054037451744079590e+00 1.056393027305603027e+00 1.054572939872741699e+00 1.060588121414184570e+00 1.062952160835266113e+00 1.061095952987670898e+00 1.067550182342529297e+00 1.070396065711975098e+00 1.068266272544860840e+00 1.070472955703735352e+00 1.078702807426452637e+00 1.087587952613830566e+00 1.097520828247070312e+00 1.094064474105834961e+00 1.107060194015502930e+00 1.118905186653137207e+00 1.125260829925537109e+00 1.116676568984985352e+00 1.098757266998291016e+00 1.059208393096923828e+00 9.782401919364929199e-01 9.315809607505798340e-01 9.069711565971374512e-01 8.886126875877380371e-01 8.779926896095275879e-01 8.733986020088195801e-01 8.629850149154663086e-01 8.593336343765258789e-01 8.566344976425170898e-01 8.491195440292358398e-01 8.536364436149597168e-01 8.602759838104248047e-01 8.675155639648437500e-01 8.669750690460205078e-01 8.712890148162841797e-01 8.779922723770141602e-01 8.879073262214660645e-01 8.971180319786071777e-01 9.143464565277099609e-01 9.214754104614257812e-01 9.218796491622924805e-01 9.336603879928588867e-01 9.535414576530456543e-01 9.626432657241821289e-01 9.790254831314086914e-01 9.967617392539978027e-01 1.013086438179016113e+00 1.028412580490112305e+00 1.050702333450317383e+00 1.079319953918457031e+00 1.110385298728942871e+00 1.139971852302551270e+00 1.168501734733581543e+00 1.192628264427185059e+00 1.195606946945190430e+00 1.163863778114318848e+00 1.138213872909545898e+00 1.116314649581909180e+00 1.092235207557678223e+00 1.066134929656982422e+00 1.054240226745605469e+00 1.041976094245910645e+00 1.042961478233337402e+00 1.026470065116882324e+00 1.018468856811523438e+00 1.007546663284301758e+00 9.971446394920349121e-01 1.004061579704284668e+00 1.010296106338500977e+00 1.002452850341796875e+00 9.943162202835083008e-01 9.870899915695190430e-01 9.792866706848144531e-01 9.830802679061889648e-01 9.782460331916809082e-01 9.723466634750366211e-01 9.648216962814331055e-01 9.656216502189636230e-01 9.631425142288208008e-01 9.631240367889404297e-01 9.555374383926391602e-01 9.570039510726928711e-01 9.604142308235168457e-01 9.652884602546691895e-01 9.638826251029968262e-01 9.578610062599182129e-01
1.036765694618225098e+00 1.031729459762573242e+00 1.023839235305786133e+00 1.018576741218566895e+00 1.001917719841003418e+00 9.877124428749084473e-01 1.008033514022827148e+00 1.026577711105346680e+00 1.030287623405456543e+00 1.041924118995666504e+00 1.047439813613891602e+00 1.048407316207885742e+00 1.044696927070617676e+00 1.048528194427490234e+00 1.049851655960083008e+00 1.048516631126403809e+00 1.054620862007141113e+00 1.055499076843261719e+00 1.055175304412841797e+00 1.060717821121215820e+00 1.064054012298583984e+00 1.063750267028808594e+00 1.070565342903137207e+00 1.072589278221130371e+00 1.084358811378479004e+00 1.091763257980346680e+00 1.094987273216247559e+00 1.099562883377075195e+00 1.111314296722412109e+00 1.112496495246887207e+00 1.110640525817871094e+00 1.092781662940979004e+00 1.051362395286560059e+00 9.725462198257446289e-01 9.229514598846435547e-01 8.989305496215820312e-01 8.876824378967285156e-01 8.762874603271484375e-01 8.740535974502563477e-01 8.646892905235290527e-01 8.574436306953430176e-01 8.506311178207397461e-01 8.471544981002807617e-01 8.510558605194091797e-01 8.536359071731567383e-01 8.596161007881164551e-01 8.600711226463317871e-01 8.700481057167053223e-01 8.780423998832702637e-01 8.811917901039123535e-01 8.903253674507141113e-01 8.999309539794921875e-01 9.129820466041564941e-01 9.169884920120239258e-01 9.297298192977905273e-01 9.490862488746643066e-01 9.614499211311340332e-01 9.751946926116943359e-01 9.971795082092285156e-01 1.009909152984619141e+00 1.022468686103820801e+00 1.045777678489685059e+00 1.072251200675964355e+00 1.098683357238769531e+00 1.137107133865356445e+00 1.167100071907043457e+00 1.192910909652709961e+00 1.193541049957275391e+00 1.169292092323303223e+00 1.136392712593078613e+00 1.115754842758178711e+00 1.086179971694946289e+00 1.068080663681030273e+00 1.060241222381591797e+00 1.044490814208984375e+00 1.044260025024414062e+00 1.029451131820678711e+00 1.020294189453125000e+00 1.011979222297668457e+00 1.002857089042663574e+00 1.005444169044494629e+00 1.007001161575317383e+00 1.006337165832519531e+00 9.963219761848449707e-01 9.905456900596618652e-01 9.917050600051879883e-01 9.796953201293945312e-01 9.704904556274414062e-01 9.689014554023742676e-01 9.603690505027770996e-01 9.669445753097534180e-01 9.629999399185180664e-01 9.555259943008422852e-01 9.583805799484252930e-01 9.530494213104248047e-01 9.594835042953491211e-01 9.646229743957519531e-01 9.610715508460998535e-01 9.574074745178222656e-01
1.043058156967163086e+00 1.038820266723632812e+00 1.033144712448120117e+00 1.031254887580871582e+00 1.023670911788940430e+00 1.008033514022827148e+00 1.005251407623291016e+00 1.014542341232299805e+00 1.017141461372375488e+00 1.034089207649230957e+00 1.042320370674133301e+00 1.044089436531066895e+00 1.046095013618469238e+00 1.052467942237854004e+00 1.054301142692565918e+00 1.051786541938781738e+00 1.054899930953979492e+00 1.055262327194213867e+00 1.054841995239257812e+00 1.061101675033569336e+00 1.061645269393920898e+00 1.063716650009155273e+00 1.070798873901367188e+00 1.069499850273132324e+00 1.082336187362670898e+00 1.091821432113647461e+00 1.095662832260131836e+00 1.101919651031494141e+00 1.112951517105102539e+00 1.111380577087402344e+00 1.106876611709594727e+00 1.093323469161987305e+00 1.051618218421936035e+00 9.699687361717224121e-01 9.197953939437866211e-01 8.938093781471252441e-01 8.790343403816223145e-01 8.677188158035278320e-01 8.667299151420593262e-01 8.637452721595764160e-01 8.567562699317932129e-01 8.495268821716308594e-01 8.448316454887390137e-01 8.500806689262390137e-01 8.476673960685729980e-01 8.582015037536621094e-01 8.611952066421508789e-01 8.641595840454101562e-01 8.737830519676208496e-01 8.777203559875488281e-01 8.842110633850097656e-01 8.955534100532531738e-01 9.075980782508850098e-01 9.201632142066955566e-01 9.300768971443176270e-01 9.481039643287658691e-01 9.657375216484069824e-01 9.778861999511718750e-01 9.956872463226318359e-01 1.008920550346374512e+00 1.022992253303527832e+00 1.045432329177856445e+00 1.068796753883361816e+00 1.101402997970581055e+00 1.139625787734985352e+00 1.169077157974243164e+00 1.188476920127868652e+00 1.197686195373535156e+00 1.175468564033508301e+00 1.143412947654724121e+00 1.116170167922973633e+00 1.097303986549377441e+00 1.081634044647216797e+00 1.062444567680358887e+00 1.051204919815063477e+00 1.048210620880126953e+00 1.036224246025085449e+00 1.020712733268737793e+00 1.015510916709899902e+00 1.009731292724609375e+00 1.004563808441162109e+00 1.008714675903320312e+00 9.997805953025817871e-01 1.000953674316406250e+00 1.002131700515747070e+00 9.913581609725952148e-01 9.847181439399719238e-01 9.734547734260559082e-01 9.697691202163696289e-01 9.651923775672912598e-01 9.723662734031677246e-01 9.669564366340637207e-01 9.612262248992919922e-01 9.645185470581054688e-01 9.681766629219055176e-01 9.650005102157592773e-01 9.660745859146118164e-01 9.669027328491210938e-01 9.656184911727905273e-01
1.043730854988098145e+00 1.044536113739013672e+00 1.042173624038696289e+00 1.040214419364929199e+00 1.036822915077209473e+00 1.026577711105346680e+00 1.014542341232299805e+00 1.000051617622375488e+00 9.932212829589843750e-01 1.020238280296325684e+00 1.033806562423706055e+00 1.039643883705139160e+00 1.041865587234497070e+00 1.049782752990722656e+00 1.052407145500183105e+00 1.052153706550598145e+00 1.053153991699218750e+00 1.052765369415283203e+00 1.051877140998840332e+00 1.058245420455932617e+00 1.061052918434143066e+00 1.061878919601440430e+00 1.066354036331176758e+00 1.068456888198852539e+00 1.075671792030334473e+00 1.086085796356201172e+00 1.091003537178039551e+00 1.101706743240356445e+00 1.107050538063049316e+00 1.105551719665527344e+00 1.098591923713684082e+00 1.084919095039367676e+00 1.043987989425659180e+00 9.672717452049255371e-01 9.158716201782226562e-01 8.913247585296630859e-01 8.762370944023132324e-01 8.628005981445312500e-01 8.594744205474853516e-01 8.543958067893981934e-01 8.500351905822753906e-01 8.430918455123901367e-01 8.431872129440307617e-01 8.438971638679504395e-01 8.480832576751708984e-01 8.550246357917785645e-01 8.606362938880920410e-01 8.638832569122314453e-01 8.719779253005981445e-01 8.799223899841308594e-01 8.918880224227905273e-01 8.964799046516418457e-01 9.094090461730957031e-01 9.219584465026855469e-01 9.348009824752807617e-01 9.501516222953796387e-01 9.589245319366455078e-01 9.730947613716125488e-01 9.910585284233093262e-01 1.008909940719604492e+00 1.030033230781555176e+00 1.051085710525512695e+00 1.070544123649597168e+00 1.105167746543884277e+00 1.137763738632202148e+00 1.166265368461608887e+00 1.204040408134460449e+00 1.209439873695373535e+00 1.185480237007141113e+00 1.148666501045227051e+00 1.124840140342712402e+00 1.105308651924133301e+00 1.083176612854003906e+00 1.063471555709838867e+00 1.046284079551696777e+00 1.044153332710266113e+00 1.034182548522949219e+00 1.024077653884887695e+00 1.018634200096130371e+00 1.014408230781555176e+00 1.011659860610961914e+00 1.000279545783996582e+00 1.000415205955505371e+00 1.004407048225402832e+00 1.004550099372863770e+00 9.972942471504211426e-01 9.930934309959411621e-01 9.862598180770874023e-01 9.688060879707336426e-01 9.616572856903076172e-01 9.695693850517272949e-01 9.741082787513732910e-01 9.726483225822448730e-01 9.754184484481811523e-01 9.813860058784484863e-01 9.782032370567321777e-01 9.691489934921264648e-01 9.725877046585083008e-01 9.554901719093322754e-01
1.050453424453735352e+00 1.049844026565551758e+00 1.047779560089111328e+00 1.044078469276428223e+00 1.039305090904235840e+00 1.030287623405456543e+00 1.017141461372375488e+00 9.932212829589843750e-01 9.796732068061828613e-01 1.005460143089294434e+00 1.023216485977172852e+00 1.030194759368896484e+00 1.035018324851989746e+00 1.041926860809326172e+00 1.049198508262634277e+00 1.051524519920349121e+00 1.053597211837768555e+00 1.051641345024108887e+00 1.051171183586120605e+00 1.058011651039123535e+00 1.062207937240600586e+00 1.058727025985717773e+00 1.065482139587402344e+00 1.070860862731933594e+00 1.075525283813476562e+00 1.082085490226745605e+00 1.088739275932312012e+00 1.101264357566833496e+00 1.105916619300842285e+00 1.106028795242309570e+00 1.093040108680725098e+00 1.076565265655517578e+00 1.036007642745971680e+00 9.622330665588378906e-01 9.184911251068115234e-01 8.890554308891296387e-01 8.706120848655700684e-01 8.640142679214477539e-01 8.554807901382446289e-01 8.516409397125244141e-01 8.499377369880676270e-01 8.416914939880371094e-01 8.391957283020019531e-01 8.431419730186462402e-01 8.461434245109558105e-01 8.535917997360229492e-01 8.570848703384399414e-01 8.645000457763671875e-01 8.654777407646179199e-01 8.803464770317077637e-01 8.899597525596618652e-01 8.972692489624023438e-01 9.111514091491699219e-01 9.199090003967285156e-01 9.379194974899291992e-01 9.523060321807861328e-01 9.610352516174316406e-01 9.786895513534545898e-01 9.906354546546936035e-01 1.009509682655334473e+00 1.026558518409729004e+00 1.051050066947937012e+00 1.078395247459411621e+00 1.107571482658386230e+00 1.135233044624328613e+00 1.167338609695434570e+00 1.202046036720275879e+00 1.216770648956298828e+00 1.193910479545593262e+00 1.158528923988342285e+00 1.119579195976257324e+00 1.095089077949523926e+00 1.078229546546936035e+00 1.068264603614807129e+00 1.049994945526123047e+00 1.036317586898803711e+00 1.030635356903076172e+00 1.029006838798522949e+00 1.024979710578918457e+00 1.014782905578613281e+00 1.013840317726135254e+00 1.007187962532043457e+00 1.006340980529785156e+00 1.005490541458129883e+00 1.005801320075988770e+00 9.952226877212524414e-01 9.911535978317260742e-01 9.869422912597656250e-01 9.707138538360595703e-01 9.597287774085998535e-01 9.666567444801330566e-01 9.703103303909301758e-01 9.688895344734191895e-01 9.733057022094726562e-01 9.862107038497924805e-01 9.872826337814331055e-01 9.773149490356445312e-01 9.777779579162597656e-01 9.582234621047973633e-01
1.054752230644226074e+00 1.056341648101806641e+00 1.056812524795532227e+00 1.052859067916870117e+00 1.048352956771850586e+00 1.041924118995666504e+00 1.034089207649230957e+00 1.020238280296325684e+00 1.005460143089294434e+00 9.973051548004150391e-01 1.010898590087890625e+00 1.016864895820617676e+00 1.029353618621826172e+00 1.039018273353576660e+00 1.044766664505004883e+00 1.049760818481445312e+00 1.050877928733825684e+00 1.050092220306396484e+00 1.049741625785827637e+00 1.055978536605834961e+00 1.062345147132873535e+00 1.059305071830749512e+00 1.062808752059936523e+00 1.064757585525512695e+00 1.074207782745361328e+00 1.084232687950134277e+00 1.090152978897094727e+00 1.100500464439392090e+00 1.105913639068603516e+00 1.105509519577026367e+00 1.094847321510314941e+00 1.074716925621032715e+00 1.036188602447509766e+00 9.589486122131347656e-01 9.173111319541931152e-01 8.875852227210998535e-01 8.701791167259216309e-01 8.599798083305358887e-01 8.525744080543518066e-01 8.464664816856384277e-01 8.466805815696716309e-01 8.436879515647888184e-01 8.417043089866638184e-01 8.417001962661743164e-01 8.438927531242370605e-01 8.514584898948669434e-01 8.543934822082519531e-01 8.621540069580078125e-01 8.724099993705749512e-01 8.815369009971618652e-01 8.910601735115051270e-01 8.956830501556396484e-01 9.077331423759460449e-01 9.189767837524414062e-01 9.382658004760742188e-01 9.519596099853515625e-01 9.621436595916748047e-01 9.774907231330871582e-01 9.958325028419494629e-01 1.012475490570068359e+00 1.027254939079284668e+00 1.049340128898620605e+00 1.075955510139465332e+00 1.103261947631835938e+00 1.136644959449768066e+00 1.168650984764099121e+00 1.199294924736022949e+00 1.209957003593444824e+00 1.189977407455444336e+00 1.155626535415649414e+00 1.117716550827026367e+00 1.094239830970764160e+00 1.086735248565673828e+00 1.068030595779418945e+00 1.054616689682006836e+00 1.045725822448730469e+00 1.041615605354309082e+00 1.033404469490051270e+00 1.023559212684631348e+00 1.012304306030273438e+00 1.007444858551025391e+00 1.012080311775207520e+00 1.010541439056396484e+00 1.001066207885742188e+00 9.991567730903625488e-01 9.892399311065673828e-01 9.844351410865783691e-01 9.797736406326293945e-01 9.747880101203918457e-01 9.643396139144897461e-01 9.689160585403442383e-01 9.747784137725830078e-01 9.749398231506347656e-01 9.755117297172546387e-01 9.805442690849304199e-01 9.877597093582153320e-01 9.853067398071289062e-01 9.814100861549377441e-01 9.614127278327941895e-01
1.056562662124633789e+00 1.060747742652893066e+00 1.061068534851074219e+00 1.055940389633178711e+00 1.051852464675903320e+00 1.047439813613891602e+00 1.042320370674133301e+00 1.033806562423706055e+00 1.023216485977172852e+00 1.010898590087890625e+00 9.999826550483703613e-01 9.981703758239746094e-01 1.015802741050720215e+00 1.032446861267089844e+00 1.040784239768981934e+00 1.047586202621459961e+00 1.048515677452087402e+00 1.052081108093261719e+00 1.051742672920227051e+00 1.059087038040161133e+00 1.060880303382873535e+00 1.055956482887268066e+00 1.058215022087097168e+00 1.060678720474243164e+00 1.074067831039428711e+00 1.083604931831359863e+00 1.087160468101501465e+00 1.098378658294677734e+00 1.104862928390502930e+00 1.107231378555297852e+00 1.096491217613220215e+00 1.075449943542480469e+00 1.032479524612426758e+00 9.614911675453186035e-01 9.175730347633361816e-01 8.918067216873168945e-01 8.721930980682373047e-01 8.606938123703002930e-01 8.523768782615661621e-01 8.449622392654418945e-01 8.431213498115539551e-01 8.447244167327880859e-01 8.379237055778503418e-01 8.394457697868347168e-01 8.430418968200683594e-01 8.474325537681579590e-01 8.530005812644958496e-01 8.655646443367004395e-01 8.728992938995361328e-01 8.816390633583068848e-01 8.889836072921752930e-01 9.011536240577697754e-01 9.107224941253662109e-01 9.172053933143615723e-01 9.339925646781921387e-01 9.544169902801513672e-01 9.678465127944946289e-01 9.776273369789123535e-01 9.982413649559020996e-01 1.022356390953063965e+00 1.033614516258239746e+00 1.053693771362304688e+00 1.080325245857238770e+00 1.115743994712829590e+00 1.144240498542785645e+00 1.172216415405273438e+00 1.201802849769592285e+00 1.201804399490356445e+00 1.176765561103820801e+00 1.142664909362792969e+00 1.110983848571777344e+00 1.092316389083862305e+00 1.082274913787841797e+00 1.071246266365051270e+00 1.052473545074462891e+00 1.049939036369323730e+00 1.046508073806762695e+00 1.034997105598449707e+00 1.019246101379394531e+00 1.009060740470886230e+00 1.014244794845581055e+00 1.015215277671813965e+00 1.008178591728210449e+00 1.001806259155273438e+00 9.972370266914367676e-01 9.866880774497985840e-01 9.880405664443969727e-01 9.795736074447631836e-01 9.772710800170898438e-01 9.693793654441833496e-01 9.654012918472290039e-01 9.698352813720703125e-01 9.716364145278930664e-01 9.793738722801208496e-01 9.860954880714416504e-01 9.853467941284179688e-01 9.869873523712158203e-01 9.860140681266784668e-01 9.628077149391174316e-01
1.060928225517272949e+00 1.065162181854248047e+00 1.065872669219970703e+00 1.059451103210449219e+00 1.052298188209533691e+00 1.048407316207885742e+00 1.044089436531066895e+00 1.039643883705139160e+00 1.030194759368896484e+00 1.016864895820617676e+00 9.981703758239746094e-01 9.909346699714660645e-01 1.005541086196899414e+00 1.017323970794677734e+00 1.035122990608215332e+00 1.045129299163818359e+00 1.045874834060668945e+00 1.046281695365905762e+00 1.046912908554077148e+00 1.053423047065734863e+00 1.055489540100097656e+00 1.053102135658264160e+00 1.054620742797851562e+00 1.061410188674926758e+00 1.073390483856201172e+00 1.078446984291076660e+00 1.085725188255310059e+00 1.091427803039550781e+00 1.101409673690795898e+00 1.103699088096618652e+00 1.094167709350585938e+00 1.074068784713745117e+00 1.028718113899230957e+00 9.509083032608032227e-01 9.076444506645202637e-01 8.868874311447143555e-01 8.683740496635437012e-01 8.610650300979614258e-01 8.551375865936279297e-01 8.451325893402099609e-01 8.446839451789855957e-01 8.416309356689453125e-01 8.381582498550415039e-01 8.343589901924133301e-01 8.422001600265502930e-01 8.473047018051147461e-01 8.512555360794067383e-01 8.616263866424560547e-01 8.685734868049621582e-01 8.743596673011779785e-01 8.871725797653198242e-01 9.017501473426818848e-01 9.163092374801635742e-01 9.244766235351562500e-01 9.338548779487609863e-01 9.546111822128295898e-01 9.685071706771850586e-01 9.865574836730957031e-01 9.984037280082702637e-01 1.014488935470581055e+00 1.026360869407653809e+00 1.050878882408142090e+00 1.079400777816772461e+00 1.107991456985473633e+00 1.136629700660705566e+00 1.168543577194213867e+00 1.186896085739135742e+00 1.194721460342407227e+00 1.173559427261352539e+00 1.149129152297973633e+00 1.126607656478881836e+00 1.102276682853698730e+00 1.082165956497192383e+00 1.068192124366760254e+00 1.057198405265808105e+00 1.062998533248901367e+00 1.049682259559631348e+00 1.032653212547302246e+00 1.025907158851623535e+00 1.019882202148437500e+00 1.018059372901916504e+00 1.014857411384582520e+00 1.008664369583129883e+00 1.007811307907104492e+00 1.004469871520996094e+00 9.945989251136779785e-01 9.913828969001770020e-01 9.834681153297424316e-01 9.741881489753723145e-01 9.660649895668029785e-01 9.747781157493591309e-01 9.745163321495056152e-01 9.755770564079284668e-01 9.857844114303588867e-01 9.892958998680114746e-01 9.780966043472290039e-01 9.849100112915039062e-01 9.913835525512695312e-01 9.675180912017822266e-01
1.061179161071777344e+00 1.064474225044250488e+00 1.063223719596862793e+00 1.057707071304321289e+00 1.052023649215698242e+00 1.044696927070617676e+00 1.046095013618469238e+00 1.041865587234497070e+00 1.035018324851989746e+00 1.029353618621826172e+00 1.015802741050720215e+00 1.005541086196899414e+00 9.901686906814575195e-01 9.915550351142883301e-01 1.019451498985290527e+00 1.036520004272460938e+00 1.040211439132690430e+00 1.043088197708129883e+00 1.046213507652282715e+00 1.051038146018981934e+00 1.049385666847229004e+00 1.046587347984313965e+00 1.051096796989440918e+00 1.058689832687377930e+00 1.068613171577453613e+00 1.078887462615966797e+00 1.084009408950805664e+00 1.089661478996276855e+00 1.102075815200805664e+00 1.102175116539001465e+00 1.094973325729370117e+00 1.072887420654296875e+00 1.029801011085510254e+00 9.476463794708251953e-01 8.988901376724243164e-01 8.772080540657043457e-01 8.623210787773132324e-01 8.535100817680358887e-01 8.501698374748229980e-01 8.427379131317138672e-01 8.394116759300231934e-01 8.380891084671020508e-01 8.361592292785644531e-01 8.352568745613098145e-01 8.345246315002441406e-01 8.465648293495178223e-01 8.491290807723999023e-01 8.595289587974548340e-01 8.677682876586914062e-01 8.780411481857299805e-01 8.857512474060058594e-01 9.042673707008361816e-01 9.209309816360473633e-01 9.259713292121887207e-01 9.361991882324218750e-01 9.582436084747314453e-01 9.708636999130249023e-01 9.847286343574523926e-01 9.968498945236206055e-01 1.012598872184753418e+00 1.029309391975402832e+00 1.051217555999755859e+00 1.082049489021301270e+00 1.106813311576843262e+00 1.136672377586364746e+00 1.174898147583007812e+00 1.191177964210510254e+00 1.193284034729003906e+00 1.181927561759948730e+00 1.153706431388854980e+00 1.126068234443664551e+00 1.105558514595031738e+00 1.086147546768188477e+00 1.065766692161560059e+00 1.054651737213134766e+00 1.051466107368469238e+00 1.042448878288269043e+00 1.030678749084472656e+00 1.026476383209228516e+00 1.023597121238708496e+00 1.025150895118713379e+00 1.017839550971984863e+00 1.012360692024230957e+00 1.009071826934814453e+00 1.005380153656005859e+00 9.956947565078735352e-01 9.860498905181884766e-01 9.810514450073242188e-01 9.745293855667114258e-01 9.703091382980346680e-01 9.800351858139038086e-01 9.760781526565551758e-01 9.769414067268371582e-01 9.778930544853210449e-01 9.748940467834472656e-01 9.725027680397033691e-01 9.794399738311767578e-01 9.849421381950378418e-01 9.686915874481201172e-01
1.064409375190734863e+00 1.068359375000000000e+00 1.065425515174865723e+00 1.060250043869018555e+00 1.054037451744079590e+00 1.048528194427490234e+00 1.052467942237854004e+00 1.049782752990722656e+00 1.041926860809326172e+00 1.039018273353576660e+00 1.032446861267089844e+00 1.017323970794677734e+00 9.915550351142883301e-01 9.843172430992126465e-01 1.000235080718994141e+00 1.024248600006103516e+00 1.035369753837585449e+00 1.040417075157165527e+00 1.044804334640502930e+00 1.049310445785522461e+00 1.047783970832824707e+00 1.046581268310546875e+00 1.052113294601440430e+00 1.057287096977233887e+00 1.066239953041076660e+00 1.076472520828247070e+00 1.080342650413513184e+00 1.088337898254394531e+00 1.098807930946350098e+00 1.101819396018981934e+00 1.092347264289855957e+00 1.071686863899230957e+00 1.030809760093688965e+00 9.461686611175537109e-01 8.962647318840026855e-01 8.731975555419921875e-01 8.580591678619384766e-01 8.484287261962890625e-01 8.433369994163513184e-01 8.370683789253234863e-01 8.329542875289916992e-01 8.332402706146240234e-01 8.374317288398742676e-01 8.304052352905273438e-01 8.358244299888610840e-01 8.447452187538146973e-01 8.497979044914245605e-01 8.608660697937011719e-01 8.684251904487609863e-01 8.746218681335449219e-01 8.849178552627563477e-01 9.026473760604858398e-01 9.172426462173461914e-01 9.238718748092651367e-01 9.315536618232727051e-01 9.577468633651733398e-01 9.722637534141540527e-01 9.819670915603637695e-01 9.937467575073242188e-01 1.016873955726623535e+00 1.032825112342834473e+00 1.056703329086303711e+00 1.086595177650451660e+00 1.115957617759704590e+00 1.143168091773986816e+00 1.182661771774291992e+00 1.208296418190002441e+00 1.208834528923034668e+00 1.183225512504577637e+00 1.154021143913269043e+00 1.123028159141540527e+00 1.104467749595642090e+00 1.087783217430114746e+00 1.073018074035644531e+00 1.058139681816101074e+00 1.043296575546264648e+00 1.034436464309692383e+00 1.036538362503051758e+00 1.031608343124389648e+00 1.026509046554565430e+00 1.028909921646118164e+00 1.022556900978088379e+00 1.018269777297973633e+00 1.008891105651855469e+00 1.001647472381591797e+00 9.933695793151855469e-01 9.903157353401184082e-01 9.812148213386535645e-01 9.701478481292724609e-01 9.673804640769958496e-01 9.763208627700805664e-01 9.738159775733947754e-01 9.802528619766235352e-01 9.756379127502441406e-01 9.697859883308410645e-01 9.758059978485107422e-01 9.792114496231079102e-01 9.864037036895751953e-01 9.771378636360168457e-01
1.072438955307006836e+00 1.070224761962890625e+00 1.067765116691589355e+00 1.059736728668212891e+00 1.056393027305603027e+00 1.049851655960083008e+00 1.054301142692565918e+00 1.052407145500183105e+00 1.049198508262634277e+00 1.044766664505004883e+00 1.040784239768981934e+00 1.035122990608215332e+00 1.019451498985290527e+00 1.000235080718994141e+00 9.896187186241149902e-01 9.997165799140930176e-01 1.023587465286254883e+00 1.035964608192443848e+00 1.042243838310241699e+00 1.050862073898315430e+00 1.051145195960998535e+00 1.047006011009216309e+00 1.047999024391174316e+00 1.058684945106506348e+00 1.063931345939636230e+00 1.073044657707214355e+00 1.082212924957275391e+00 1.090143084526062012e+00 1.095884084701538086e+00 1.101043701171875000e+00 1.097479104995727539e+00 1.074219703674316406e+00 1.027694702148437500e+00 9.444842338562011719e-01 8.972826004028320312e-01 8.702940344810485840e-01 8.539327383041381836e-01 8.385125398635864258e-01 8.374614715576171875e-01 8.310497999191284180e-01 8.288266062736511230e-01 8.299443721771240234e-01 8.345925211906433105e-01 8.322096467018127441e-01 8.343572020530700684e-01 8.437252044677734375e-01 8.526328802108764648e-01 8.628500103950500488e-01 8.654597401618957520e-01 8.760514259338378906e-01 8.845062851905822754e-01 8.966381549835205078e-01 9.127396941184997559e-01 9.212128520011901855e-01 9.311630725860595703e-01 9.574270248413085938e-01 9.701811671257019043e-01 9.793246388435363770e-01 9.952813386917114258e-01 1.021775484085083008e+00 1.040221691131591797e+00 1.064896345138549805e+00 1.095106720924377441e+00 1.127190828323364258e+00 1.157660126686096191e+00 1.188225030899047852e+00 1.216183543205261230e+00 1.218129873275756836e+00 1.191025614738464355e+00 1.161570191383361816e+00 1.134752750396728516e+00 1.105613112449645996e+00 1.091722488403320312e+00 1.077708721160888672e+00 1.063048481941223145e+00 1.049358963966369629e+00 1.029977202415466309e+00 1.035575270652770996e+00 1.036260724067687988e+00 1.033995747566223145e+00 1.025443077087402344e+00 1.018396258354187012e+00 1.005545616149902344e+00 1.010192751884460449e+00 1.009578227996826172e+00 1.018697261810302734e+00 9.996921420097351074e-01 9.851907491683959961e-01 9.814327955245971680e-01 9.764635562896728516e-01 9.760535359382629395e-01 9.786033630371093750e-01 9.772050976753234863e-01 9.757710695266723633e-01 9.730864763259887695e-01 9.775573015213012695e-01 9.842662811279296875e-01 9.844029545783996582e-01 9.707862734794616699e-01
1.074355483055114746e+00 1.070651054382324219e+00 1.068522572517395020e+00 1.061268448829650879e+00 1.054572939872741699e+00 1.048516631126403809e+00 1.051786541938781738e+00 1.052153706550598145e+00 1.051524519920349121e+00 1.049760818481445312e+00 1.047586202621459961e+00 1.045129299163818359e+00 1.036520004272460938e+00 1.024248600006103516e+00 9.997165799140930176e-01 9.795311093330383301e-01 9.945228099822998047e-01 1.015600085258483887e+00 1.032389760017395020e+00 1.046624779701232910e+00 1.046026110649108887e+00 1.042361736297607422e+00 1.043136358261108398e+00 1.050565242767333984e+00 1.055793285369873047e+00 1.066337943077087402e+00 1.075244903564453125e+00 1.088039755821228027e+00 1.095564842224121094e+00 1.094958186149597168e+00 1.090969920158386230e+00 1.064712762832641602e+00 1.021321058273315430e+00 9.409674406051635742e-01 8.944847583770751953e-01 8.645827770233154297e-01 8.476737141609191895e-01 8.333295583724975586e-01 8.320231437683105469e-01 8.256654143333435059e-01 8.276947736740112305e-01 8.296906352043151855e-01 8.303692936897277832e-01 8.276155591011047363e-01 8.289385437965393066e-01 8.392330408096313477e-01 8.537790775299072266e-01 8.579226732254028320e-01 8.585960865020751953e-01 8.698126077651977539e-01 8.823697566986083984e-01 8.943350911140441895e-01 9.045935869216918945e-01 9.157172441482543945e-01 9.250123500823974609e-01 9.498161077499389648e-01 9.666653275489807129e-01 9.766264557838439941e-01 1.000624179840087891e+00 1.022444725036621094e+00 1.035333395004272461e+00 1.063823699951171875e+00 1.097373366355895996e+00 1.126767754554748535e+00 1.155609369277954102e+00 1.181496143341064453e+00 1.213898301124572754e+00 1.217062354087829590e+00 1.188078641891479492e+00 1.158002018928527832e+00 1.136577367782592773e+00 1.106945037841796875e+00 1.089845418930053711e+00 1.074537992477416992e+00 1.064515590667724609e+00 1.051536083221435547e+00 1.034325242042541504e+00 1.034051179885864258e+00 1.029908061027526855e+00 1.022910714149475098e+00 1.021538615226745605e+00 1.014987945556640625e+00 1.004038214683532715e+00 1.007466912269592285e+00 1.014859318733215332e+00 1.009515285491943359e+00 1.003017067909240723e+00 9.871522784233093262e-01 9.892105460166931152e-01 9.815864562988281250e-01 9.775735735893249512e-01 9.812341928482055664e-01 9.812616705894470215e-01 9.766351580619812012e-01 9.742949604988098145e-01 9.719189405441284180e-01 9.814384579658508301e-01 9.847016334533691406e-01 9.729412794113159180e-01
