1.028827548027038574e+00 1.041869401931762695e+00 1.048951983451843262e+00 1.056140422821044922e+00 1.062914252281188965e+00 1.063643574714660645e+00 1.066994667053222656e+00 1.069539666175842285e+00 1.067385554313659668e+00 1.068645477294921875e+00 1.072464585304260254e+00 1.076334118843078613e+00 1.077435612678527832e+00 1.078689098358154297e+00 1.081172585487365723e+00 1.083257317543029785e+00 1.082703709602355957e+00 1.078540086746215820e+00 1.078426122665405273e+00 1.076778173446655273e+00 1.074372053146362305e+00 1.074563860893249512e+00 1.070387840270996094e+00 1.066546440124511719e+00 1.063453555107116699e+00 1.062753438949584961e+00 1.058220028877258301e+00 1.052480697631835938e+00 1.047768115997314453e+00 1.040458440780639648e+00 1.033466696739196777e+00 1.025356411933898926e+00 1.011068224906921387e+00 9.840277433395385742e-01 9.759198427200317383e-01 9.737727642059326172e-01 9.694474339485168457e-01 9.666738510131835938e-01 9.671941995620727539e-01 9.653805494308471680e-01 9.659203886985778809e-01 9.663640856742858887e-01 9.673509597778320312e-01 9.674036502838134766e-01 9.706398844718933105e-01 9.706841707229614258e-01 9.719035029411315918e-01 9.733289480209350586e-01 9.739052057266235352e-01 9.778000116348266602e-01 9.829598069190979004e-01 9.852579236030578613e-01 9.894987344741821289e-01 9.927840828895568848e-01 9.975153207778930664e-01 1.002586483955383301e+00 1.006194710731506348e+00 1.009711623191833496e+00 1.015428304672241211e+00 1.019834160804748535e+00 1.024606943130493164e+00 1.031071543693542480e+00 1.037975072860717773e+00 1.043993592262268066e+00 1.048372626304626465e+00 1.057080149650573730e+00 1.072303295135498047e+00 1.081497550010681152e+00 1.082890152931213379e+00 1.083310961723327637e+00 1.083737730979919434e+00 1.082963228225708008e+00 1.081657767295837402e+00 1.080959439277648926e+00 1.078145265579223633e+00 1.075849533081054688e+00 1.071037769317626953e+00 1.070568561553955078e+00 1.066155195236206055e+00 1.064030289649963379e+00 1.061123847961425781e+00 1.056139230728149414e+00 1.054578542709350586e+00 1.051182389259338379e+00 1.050202250480651855e+00 1.049325108528137207e+00 1.033490180969238281e+00 1.032822489738464355e+00 1.032577514648437500e+00 1.028213143348693848e+00 1.024947285652160645e+00 1.025869131088256836e+00 1.023959994316101074e+00 1.020938992500305176e+00 1.017006397247314453e+00 1.012407422065734863e+00 1.011383652687072754e+00 1.009608268737792969e+00 1.006394863128662109e+00
1.041869401931762695e+00 1.030068516731262207e+00 1.039296269416809082e+00 1.054222464561462402e+00 1.062219142913818359e+00 1.061610579490661621e+00 1.063550353050231934e+00 1.066096067428588867e+00 1.064187407493591309e+00 1.065115809440612793e+00 1.068586468696594238e+00 1.071764230728149414e+00 1.073301196098327637e+00 1.075740337371826172e+00 1.077499508857727051e+00 1.079604268074035645e+00 1.078779101371765137e+00 1.075902223587036133e+00 1.075152635574340820e+00 1.074646949768066406e+00 1.073428511619567871e+00 1.073801517486572266e+00 1.069086909294128418e+00 1.065650463104248047e+00 1.060514926910400391e+00 1.056998848915100098e+00 1.052335977554321289e+00 1.045241355895996094e+00 1.039344906806945801e+00 1.033037543296813965e+00 1.026598811149597168e+00 1.017737150192260742e+00 1.004476428031921387e+00 9.780032038688659668e-01 9.706496000289916992e-01 9.670348167419433594e-01 9.630702137947082520e-01 9.610379934310913086e-01 9.619238972663879395e-01 9.606115221977233887e-01 9.619246721267700195e-01 9.623143672943115234e-01 9.624278545379638672e-01 9.627525210380554199e-01 9.649003148078918457e-01 9.658734202384948730e-01 9.669036865234375000e-01 9.685932993888854980e-01 9.693210721015930176e-01 9.730229973793029785e-01 9.781677126884460449e-01 9.813684225082397461e-01 9.866020083427429199e-01 9.901549816131591797e-01 9.939885735511779785e-01 9.976935386657714844e-01 1.000609159469604492e+00 1.004736661911010742e+00 1.011115431785583496e+00 1.016785740852355957e+00 1.021113276481628418e+00 1.026581883430480957e+00 1.033657312393188477e+00 1.039335846900939941e+00 1.044443607330322266e+00 1.050719022750854492e+00 1.069200754165649414e+00 1.078321218490600586e+00 1.080200433731079102e+00 1.080631494522094727e+00 1.080234646797180176e+00 1.079257130622863770e+00 1.077689886093139648e+00 1.076880812644958496e+00 1.074691653251647949e+00 1.070585727691650391e+00 1.067468523979187012e+00 1.067061305046081543e+00 1.062635898590087891e+00 1.058338165283203125e+00 1.055839061737060547e+00 1.051448464393615723e+00 1.051440477371215820e+00 1.048821806907653809e+00 1.048769235610961914e+00 1.048307299613952637e+00 1.034969687461853027e+00 1.035282850265502930e+00 1.034001827239990234e+00 1.029466390609741211e+00 1.025876760482788086e+00 1.027623057365417480e+00 1.024700880050659180e+00 1.019749522209167480e+00 1.014831662178039551e+00 1.012657284736633301e+00 1.010944485664367676e+00 1.008561611175537109e+00 1.005328178405761719e+00
1.048951983451843262e+00 1.039296269416809082e+00 1.026432991027832031e+00 1.043234467506408691e+00 1.057742476463317871e+00 1.057688236236572266e+00 1.059860467910766602e+00 1.061366200447082520e+00 1.058383464813232422e+00 1.059594154357910156e+00 1.063091397285461426e+00 1.066033959388732910e+00 1.068095564842224121e+00 1.071117043495178223e+00 1.073812007904052734e+00 1.076211810111999512e+00 1.074820637702941895e+00 1.072710275650024414e+00 1.073529124259948730e+00 1.071526646614074707e+00 1.070089578628540039e+00 1.071235775947570801e+00 1.067342042922973633e+00 1.062637805938720703e+00 1.057087540626525879e+00 1.052129030227661133e+00 1.046932220458984375e+00 1.040386080741882324e+00 1.034411787986755371e+00 1.028363585472106934e+00 1.021169424057006836e+00 1.013580441474914551e+00 1.000733137130737305e+00 9.749857187271118164e-01 9.667441844940185547e-01 9.630796313285827637e-01 9.599106311798095703e-01 9.574469923973083496e-01 9.594065546989440918e-01 9.579119086265563965e-01 9.592002034187316895e-01 9.595841169357299805e-01 9.597114324569702148e-01 9.601787924766540527e-01 9.626115560531616211e-01 9.627546072006225586e-01 9.647265672683715820e-01 9.667319059371948242e-01 9.674631357192993164e-01 9.707838892936706543e-01 9.754819869995117188e-01 9.793959259986877441e-01 9.851823449134826660e-01 9.889051914215087891e-01 9.924812912940979004e-01 9.958146810531616211e-01 9.978212714195251465e-01 1.002734780311584473e+00 1.008717656135559082e+00 1.014174222946166992e+00 1.018724441528320312e+00 1.024442553520202637e+00 1.032241821289062500e+00 1.038665413856506348e+00 1.043128848075866699e+00 1.050432920455932617e+00 1.068837404251098633e+00 1.079636335372924805e+00 1.080888509750366211e+00 1.081324815750122070e+00 1.080834388732910156e+00 1.080668091773986816e+00 1.079132914543151855e+00 1.076457500457763672e+00 1.072841882705688477e+00 1.069475293159484863e+00 1.066597104072570801e+00 1.065130233764648438e+00 1.060443282127380371e+00 1.056517720222473145e+00 1.052927136421203613e+00 1.048376441001892090e+00 1.050402402877807617e+00 1.048272967338562012e+00 1.048884630203247070e+00 1.048412203788757324e+00 1.034881830215454102e+00 1.035160303115844727e+00 1.033777713775634766e+00 1.029723525047302246e+00 1.025264620780944824e+00 1.026510715484619141e+00 1.022538423538208008e+00 1.016052842140197754e+00 1.011052727699279785e+00 1.007733464241027832e+00 1.006898999214172363e+00 1.005225300788879395e+00 1.002447724342346191e+00
1.056140422821044922e+00 1.054222464561462402e+00 1.043234467506408691e+00 1.031769990921020508e+00 1.047625899314880371e+00 1.053246021270751953e+00 1.057720303535461426e+00 1.060770392417907715e+00 1.057329177856445312e+00 1.057874441146850586e+00 1.061768531799316406e+00 1.066076040267944336e+00 1.068328261375427246e+00 1.071799993515014648e+00 1.075482368469238281e+00 1.078016161918640137e+00 1.076848030090332031e+00 1.074367403984069824e+00 1.074696660041809082e+00 1.073328256607055664e+00 1.072153925895690918e+00 1.072367072105407715e+00 1.067709565162658691e+00 1.061721801757812500e+00 1.057028055191040039e+00 1.052008032798767090e+00 1.046881437301635742e+00 1.039661407470703125e+00 1.032909274101257324e+00 1.026428341865539551e+00 1.020328402519226074e+00 1.012697339057922363e+00 9.989840984344482422e-01 9.732759594917297363e-01 9.649684429168701172e-01 9.630632996559143066e-01 9.601355195045471191e-01 9.585472345352172852e-01 9.595253467559814453e-01 9.584110975265502930e-01 9.599611163139343262e-01 9.613760113716125488e-01 9.600339531898498535e-01 9.605514407157897949e-01 9.632804393768310547e-01 9.640762209892272949e-01 9.650994539260864258e-01 9.678190946578979492e-01 9.693767428398132324e-01 9.726887345314025879e-01 9.769597053527832031e-01 9.800589084625244141e-01 9.875757694244384766e-01 9.914194345474243164e-01 9.952434301376342773e-01 9.971717000007629395e-01 9.994189739227294922e-01 1.005232214927673340e+00 1.010467767715454102e+00 1.017272472381591797e+00 1.021593570709228516e+00 1.028078198432922363e+00 1.035494327545166016e+00 1.041268229484558105e+00 1.046643257141113281e+00 1.054116368293762207e+00 1.071585655212402344e+00 1.081942200660705566e+00 1.082618236541748047e+00 1.083848953247070312e+00 1.082555532455444336e+00 1.083376526832580566e+00 1.082074165344238281e+00 1.080248355865478516e+00 1.076138854026794434e+00 1.072112083435058594e+00 1.067900300025939941e+00 1.067145466804504395e+00 1.061343550682067871e+00 1.056607961654663086e+00 1.054768085479736328e+00 1.051100373268127441e+00 1.052251577377319336e+00 1.050064921379089355e+00 1.049613833427429199e+00 1.049841761589050293e+00 1.037118554115295410e+00 1.035564064979553223e+00 1.035187244415283203e+00 1.031003236770629883e+00 1.026505112648010254e+00 1.027976036071777344e+00 1.024051308631896973e+00 1.018695354461669922e+00 1.013251781463623047e+00 1.009979128837585449e+00 1.009006142616271973e+00 1.007043838500976562e+00 1.005131840705871582e+00
1.062914252281188965e+00 1.062219142913818359e+00 1.057742476463317871e+00 1.047625899314880371e+00 1.032243728637695312e+00 1.041862249374389648e+00 1.056383848190307617e+00 1.061271190643310547e+00 1.057521104812622070e+00 1.058525204658508301e+00 1.063603162765502930e+00 1.066903710365295410e+00 1.068629264831542969e+00 1.073227405548095703e+00 1.075465798377990723e+00 1.078827381134033203e+00 1.077761173248291016e+00 1.074647665023803711e+00 1.074998617172241211e+00 1.075443863868713379e+00 1.074980258941650391e+00 1.074254393577575684e+00 1.069120168685913086e+00 1.062893390655517578e+00 1.057138442993164062e+00 1.052715063095092773e+00 1.047593235969543457e+00 1.039510488510131836e+00 1.033245921134948730e+00 1.027099728584289551e+00 1.020448684692382812e+00 1.013729214668273926e+00 9.992225170135498047e-01 9.733943939208984375e-01 9.669301509857177734e-01 9.653522372245788574e-01 9.632372856140136719e-01 9.606996178627014160e-01 9.614924788475036621e-01 9.606637358665466309e-01 9.621461629867553711e-01 9.628092646598815918e-01 9.625990986824035645e-01 9.632711410522460938e-01 9.672631025314331055e-01 9.686137437820434570e-01 9.700762629508972168e-01 9.717666506767272949e-01 9.732294678688049316e-01 9.764664173126220703e-01 9.814684987068176270e-01 9.857102632522583008e-01 9.923685193061828613e-01 9.960808157920837402e-01 9.990626573562622070e-01 1.001168966293334961e+00 1.004127025604248047e+00 1.009810805320739746e+00 1.015087723731994629e+00 1.021775126457214355e+00 1.026509642601013184e+00 1.032663226127624512e+00 1.040802955627441406e+00 1.046851873397827148e+00 1.052413344383239746e+00 1.059979081153869629e+00 1.076764345169067383e+00 1.086293816566467285e+00 1.086955308914184570e+00 1.088468432426452637e+00 1.087870836257934570e+00 1.086338520050048828e+00 1.086664915084838867e+00 1.084943413734436035e+00 1.080619692802429199e+00 1.075354814529418945e+00 1.071571230888366699e+00 1.072161674499511719e+00 1.066790223121643066e+00 1.061556577682495117e+00 1.059225082397460938e+00 1.056072115898132324e+00 1.058147907257080078e+00 1.056085824966430664e+00 1.055431365966796875e+00 1.054384231567382812e+00 1.040663599967956543e+00 1.040541291236877441e+00 1.039941430091857910e+00 1.034138798713684082e+00 1.029365062713623047e+00 1.030848026275634766e+00 1.026906609535217285e+00 1.020576477050781250e+00 1.015665650367736816e+00 1.012037515640258789e+00 1.011809468269348145e+00 1.010642409324645996e+00 1.008640646934509277e+00
1.063643574714660645e+00 1.061610579490661621e+00 1.057688236236572266e+00 1.053246021270751953e+00 1.041862249374389648e+00 1.028725266456604004e+00 1.048954010009765625e+00 1.055029153823852539e+00 1.053879022598266602e+00 1.054162740707397461e+00 1.057756543159484863e+00 1.062242269515991211e+00 1.065657258033752441e+00 1.069491744041442871e+00 1.071936368942260742e+00 1.076168179512023926e+00 1.075098395347595215e+00 1.070582866668701172e+00 1.071592569351196289e+00 1.072469353675842285e+00 1.072150945663452148e+00 1.070931673049926758e+00 1.064356088638305664e+00 1.058364033699035645e+00 1.051801562309265137e+00 1.046572327613830566e+00 1.042045831680297852e+00 1.034973382949829102e+00 1.028786420822143555e+00 1.022841095924377441e+00 1.016624569892883301e+00 1.009363770484924316e+00 9.961874485015869141e-01 9.712678194046020508e-01 9.639502763748168945e-01 9.620966911315917969e-01 9.590261578559875488e-01 9.570621252059936523e-01 9.581131339073181152e-01 9.574023485183715820e-01 9.594008922576904297e-01 9.596135616302490234e-01 9.598132371902465820e-01 9.605655670166015625e-01 9.658228754997253418e-01 9.668505191802978516e-01 9.676097631454467773e-01 9.697366356849670410e-01 9.712176918983459473e-01 9.745788574218750000e-01 9.800071120262145996e-01 9.839039444923400879e-01 9.906868338584899902e-01 9.945390820503234863e-01 9.977461099624633789e-01 1.000598788261413574e+00 1.003109097480773926e+00 1.008624672889709473e+00 1.014070987701416016e+00 1.020273923873901367e+00 1.025427937507629395e+00 1.032463669776916504e+00 1.041272997856140137e+00 1.046540260314941406e+00 1.051587700843811035e+00 1.059151291847229004e+00 1.076278567314147949e+00 1.085574388504028320e+00 1.086761116981506348e+00 1.088961720466613770e+00 1.087945580482482910e+00 1.086874842643737793e+00 1.086887121200561523e+00 1.083079457283020020e+00 1.078781604766845703e+00 1.073042988777160645e+00 1.069219112396240234e+00 1.069740414619445801e+00 1.063996434211730957e+00 1.060548067092895508e+00 1.057643175125122070e+00 1.054633021354675293e+00 1.056689023971557617e+00 1.054074168205261230e+00 1.053735256195068359e+00 1.053438663482666016e+00 1.040499448776245117e+00 1.039326071739196777e+00 1.037606000900268555e+00 1.032952785491943359e+00 1.030260801315307617e+00 1.029609084129333496e+00 1.026213169097900391e+00 1.019441485404968262e+00 1.014458537101745605e+00 1.010369658470153809e+00 1.010026216506958008e+00 1.009378910064697266e+00 1.007518768310546875e+00
1.066994667053222656e+00 1.063550353050231934e+00 1.059860467910766602e+00 1.057720303535461426e+00 1.056383848190307617e+00 1.048954010009765625e+00 1.039168715476989746e+00 1.048673629760742188e+00 1.050972342491149902e+00 1.052702546119689941e+00 1.056916713714599609e+00 1.061765193939208984e+00 1.065048575401306152e+00 1.068946957588195801e+00 1.071707487106323242e+00 1.075551748275756836e+00 1.074730277061462402e+00 1.072476387023925781e+00 1.073427557945251465e+00 1.073186874389648438e+00 1.072115540504455566e+00 1.071276068687438965e+00 1.063267111778259277e+00 1.056483626365661621e+00 1.051000475883483887e+00 1.045064091682434082e+00 1.040933370590209961e+00 1.034428715705871582e+00 1.028820276260375977e+00 1.021635055541992188e+00 1.016425609588623047e+00 1.009029269218444824e+00 9.948322772979736328e-01 9.715067148208618164e-01 9.647033214569091797e-01 9.630479216575622559e-01 9.602187275886535645e-01 9.583435654640197754e-01 9.584606289863586426e-01 9.577201604843139648e-01 9.585041999816894531e-01 9.607975482940673828e-01 9.611225724220275879e-01 9.620064496994018555e-01 9.678405523300170898e-01 9.678832888603210449e-01 9.688780307769775391e-01 9.717848896980285645e-01 9.730154871940612793e-01 9.766392111778259277e-01 9.823043346405029297e-01 9.858784079551696777e-01 9.910326004028320312e-01 9.952009916305541992e-01 1.000569701194763184e+00 1.005049347877502441e+00 1.007236242294311523e+00 1.011792421340942383e+00 1.017845988273620605e+00 1.023939728736877441e+00 1.029305577278137207e+00 1.036141276359558105e+00 1.043285250663757324e+00 1.049043536186218262e+00 1.054577708244323730e+00 1.062601447105407715e+00 1.079734802246093750e+00 1.086709976196289062e+00 1.087092041969299316e+00 1.087985754013061523e+00 1.086712956428527832e+00 1.086719632148742676e+00 1.085146069526672363e+00 1.081174612045288086e+00 1.076332807540893555e+00 1.071391105651855469e+00 1.067843437194824219e+00 1.068902015686035156e+00 1.064284443855285645e+00 1.061339259147644043e+00 1.060217618942260742e+00 1.056244730949401855e+00 1.057668805122375488e+00 1.056731700897216797e+00 1.055918097496032715e+00 1.053817987442016602e+00 1.039353251457214355e+00 1.039159297943115234e+00 1.040029525756835938e+00 1.034154415130615234e+00 1.031945824623107910e+00 1.032404780387878418e+00 1.029365777969360352e+00 1.022679328918457031e+00 1.017884373664855957e+00 1.013791680335998535e+00 1.012691378593444824e+00 1.013813376426696777e+00 1.011348128318786621e+00
1.069539666175842285e+00 1.066096067428588867e+00 1.061366200447082520e+00 1.060770392417907715e+00 1.061271190643310547e+00 1.055029153823852539e+00 1.048673629760742188e+00 1.035865545272827148e+00 1.041719794273376465e+00 1.048243522644042969e+00 1.052159667015075684e+00 1.057819128036499023e+00 1.061312079429626465e+00 1.065860271453857422e+00 1.069619894027709961e+00 1.072859883308410645e+00 1.072844266891479492e+00 1.071897268295288086e+00 1.072726845741271973e+00 1.072832345962524414e+00 1.071929693222045898e+00 1.070800662040710449e+00 1.063248157501220703e+00 1.055672645568847656e+00 1.050646066665649414e+00 1.044661521911621094e+00 1.040450453758239746e+00 1.035059690475463867e+00 1.028414249420166016e+00 1.021880865097045898e+00 1.016441106796264648e+00 1.008244991302490234e+00 9.950302839279174805e-01 9.726344943046569824e-01 9.653998017311096191e-01 9.640821814537048340e-01 9.614238142967224121e-01 9.577145576477050781e-01 9.591526985168457031e-01 9.581848978996276855e-01 9.593927264213562012e-01 9.611039757728576660e-01 9.614735841751098633e-01 9.619316458702087402e-01 9.668014645576477051e-01 9.683842062950134277e-01 9.697579145431518555e-01 9.719740152359008789e-01 9.732764959335327148e-01 9.765988588333129883e-01 9.822674989700317383e-01 9.862409830093383789e-01 9.914119839668273926e-01 9.947777986526489258e-01 1.000597119331359863e+00 1.006108641624450684e+00 1.009235382080078125e+00 1.014549016952514648e+00 1.020294785499572754e+00 1.026996374130249023e+00 1.032847642898559570e+00 1.037963747978210449e+00 1.045611619949340820e+00 1.050710797309875488e+00 1.057464241981506348e+00 1.063884854316711426e+00 1.081741094589233398e+00 1.090710759162902832e+00 1.092342853546142578e+00 1.093903779983520508e+00 1.091797113418579102e+00 1.090280413627624512e+00 1.088888883590698242e+00 1.083665490150451660e+00 1.079159855842590332e+00 1.074930310249328613e+00 1.071351289749145508e+00 1.072411417961120605e+00 1.069173574447631836e+00 1.066492915153503418e+00 1.063819289207458496e+00 1.058921456336975098e+00 1.060183763504028320e+00 1.059478640556335449e+00 1.058257222175598145e+00 1.055880784988403320e+00 1.040092229843139648e+00 1.041498422622680664e+00 1.039866089820861816e+00 1.033565759658813477e+00 1.031242132186889648e+00 1.032506346702575684e+00 1.029521822929382324e+00 1.023116588592529297e+00 1.019267678260803223e+00 1.016803145408630371e+00 1.016353487968444824e+00 1.018233895301818848e+00 1.015717029571533203e+00
1.067385554313659668e+00 1.064187407493591309e+00 1.058383464813232422e+00 1.057329177856445312e+00 1.057521104812622070e+00 1.053879022598266602e+00 1.050972342491149902e+00 1.041719794273376465e+00 1.027787566184997559e+00 1.038824915885925293e+00 1.048922657966613770e+00 1.055853247642517090e+00 1.059474587440490723e+00 1.063839197158813477e+00 1.066581249237060547e+00 1.069815039634704590e+00 1.069954037666320801e+00 1.069971323013305664e+00 1.071615815162658691e+00 1.070776343345642090e+00 1.069714307785034180e+00 1.068777203559875488e+00 1.062494874000549316e+00 1.054012060165405273e+00 1.047984480857849121e+00 1.043441057205200195e+00 1.038119435310363770e+00 1.031741976737976074e+00 1.024535179138183594e+00 1.018364667892456055e+00 1.014683604240417480e+00 1.006356120109558105e+00 9.943491816520690918e-01 9.723880290985107422e-01 9.658759236335754395e-01 9.649100899696350098e-01 9.614903330802917480e-01 9.582925438880920410e-01 9.584633708000183105e-01 9.561746716499328613e-01 9.591053724288940430e-01 9.608954787254333496e-01 9.616625308990478516e-01 9.613826274871826172e-01 9.657390713691711426e-01 9.671959280967712402e-01 9.693312048912048340e-01 9.718860387802124023e-01 9.737795591354370117e-01 9.780783653259277344e-01 9.842993021011352539e-01 9.875241518020629883e-01 9.921051263809204102e-01 9.960584044456481934e-01 1.001665115356445312e+00 1.006503582000732422e+00 1.009907484054565430e+00 1.015047192573547363e+00 1.020783662796020508e+00 1.026925802230834961e+00 1.032672524452209473e+00 1.039169192314147949e+00 1.046550989151000977e+00 1.051827192306518555e+00 1.058012604713439941e+00 1.065428614616394043e+00 1.083697319030761719e+00 1.092266440391540527e+00 1.093000650405883789e+00 1.094368338584899902e+00 1.092609643936157227e+00 1.091393351554870605e+00 1.089413523674011230e+00 1.084511399269104004e+00 1.081191420555114746e+00 1.077982544898986816e+00 1.074010491371154785e+00 1.075725913047790527e+00 1.073229551315307617e+00 1.070455551147460938e+00 1.068550348281860352e+00 1.063148021697998047e+00 1.062086224555969238e+00 1.061282157897949219e+00 1.059808254241943359e+00 1.057653069496154785e+00 1.042586445808410645e+00 1.042661666870117188e+00 1.039948821067810059e+00 1.035755634307861328e+00 1.032498478889465332e+00 1.031939983367919922e+00 1.028623580932617188e+00 1.024250626564025879e+00 1.020655393600463867e+00 1.017658591270446777e+00 1.018510103225708008e+00 1.020390510559082031e+00 1.018156647682189941e+00
1.068645477294921875e+00 1.065115809440612793e+00 1.059594154357910156e+00 1.057874441146850586e+00 1.058525204658508301e+00 1.054162740707397461e+00 1.052702546119689941e+00 1.048243522644042969e+00 1.038824915885925293e+00 1.032391667366027832e+00 1.042780041694641113e+00 1.053478598594665527e+00 1.058205962181091309e+00 1.063146233558654785e+00 1.064695239067077637e+00 1.068700909614562988e+00 1.068908214569091797e+00 1.068016290664672852e+00 1.070338010787963867e+00 1.071053028106689453e+00 1.068847894668579102e+00 1.069517612457275391e+00 1.062814593315124512e+00 1.054471850395202637e+00 1.047668099403381348e+00 1.041799902915954590e+00 1.036764383316040039e+00 1.028670668601989746e+00 1.023003578186035156e+00 1.017108917236328125e+00 1.012405753135681152e+00 1.004936456680297852e+00 9.923312664031982422e-01 9.706399440765380859e-01 9.639416933059692383e-01 9.633917212486267090e-01 9.599589109420776367e-01 9.569376111030578613e-01 9.574383497238159180e-01 9.554156064987182617e-01 9.577417373657226562e-01 9.599735140800476074e-01 9.604624509811401367e-01 9.600704312324523926e-01 9.655562043190002441e-01 9.666121602058410645e-01 9.693307876586914062e-01 9.715499281883239746e-01 9.732500314712524414e-01 9.773323535919189453e-01 9.831562638282775879e-01 9.873739480972290039e-01 9.923226833343505859e-01 9.962199926376342773e-01 1.000771999359130859e+00 1.005287289619445801e+00 1.008696913719177246e+00 1.014706969261169434e+00 1.020294904708862305e+00 1.027214407920837402e+00 1.032804012298583984e+00 1.038298487663269043e+00 1.047556161880493164e+00 1.055078983306884766e+00 1.061527967453002930e+00 1.068708300590515137e+00 1.085523843765258789e+00 1.095781564712524414e+00 1.096468329429626465e+00 1.097414731979370117e+00 1.095752954483032227e+00 1.094894289970397949e+00 1.092504501342773438e+00 1.088562846183776855e+00 1.083503365516662598e+00 1.080344319343566895e+00 1.077773451805114746e+00 1.079006433486938477e+00 1.077176213264465332e+00 1.072263717651367188e+00 1.068672895431518555e+00 1.061039328575134277e+00 1.061068892478942871e+00 1.057925462722778320e+00 1.056412339210510254e+00 1.055099844932556152e+00 1.041419386863708496e+00 1.041487216949462891e+00 1.039330244064331055e+00 1.033302426338195801e+00 1.028811454772949219e+00 1.028372883796691895e+00 1.027113080024719238e+00 1.023130059242248535e+00 1.020232081413269043e+00 1.017230391502380371e+00 1.015990495681762695e+00 1.018249392509460449e+00 1.018239855766296387e+00
1.072464585304260254e+00 1.068586468696594238e+00 1.063091397285461426e+00 1.061768531799316406e+00 1.063603162765502930e+00 1.057756543159484863e+00 1.056916713714599609e+00 1.052159667015075684e+00 1.048922657966613770e+00 1.042780041694641113e+00 1.032876491546630859e+00 1.045551061630249023e+00 1.056389331817626953e+00 1.061622500419616699e+00 1.062110185623168945e+00 1.066849589347839355e+00 1.067596316337585449e+00 1.067322492599487305e+00 1.070120453834533691e+00 1.071544289588928223e+00 1.070140123367309570e+00 1.071774959564208984e+00 1.064326524734497070e+00 1.055568337440490723e+00 1.049003839492797852e+00 1.042484164237976074e+00 1.036792993545532227e+00 1.028581976890563965e+00 1.023301601409912109e+00 1.017598748207092285e+00 1.012813925743103027e+00 1.005403280258178711e+00 9.933417439460754395e-01 9.721680879592895508e-01 9.650712013244628906e-01 9.643737077713012695e-01 9.612734317779541016e-01 9.587125182151794434e-01 9.591234922409057617e-01 9.582377672195434570e-01 9.600654244422912598e-01 9.611693620681762695e-01 9.618366360664367676e-01 9.628137946128845215e-01 9.670576453208923340e-01 9.685493111610412598e-01 9.709448814392089844e-01 9.737652540206909180e-01 9.756721258163452148e-01 9.798705577850341797e-01 9.857226610183715820e-01 9.894038438796997070e-01 9.948440194129943848e-01 9.988191127777099609e-01 1.002483725547790527e+00 1.006361126899719238e+00 1.009292840957641602e+00 1.015791773796081543e+00 1.022237658500671387e+00 1.028811693191528320e+00 1.034457564353942871e+00 1.042125463485717773e+00 1.051834821701049805e+00 1.058264613151550293e+00 1.064593672752380371e+00 1.072313904762268066e+00 1.090162277221679688e+00 1.101221680641174316e+00 1.101951599121093750e+00 1.103422760963439941e+00 1.100603103637695312e+00 1.099178075790405273e+00 1.097377419471740723e+00 1.094012498855590820e+00 1.088988304138183594e+00 1.085746169090270996e+00 1.083735585212707520e+00 1.082621932029724121e+00 1.080337047576904297e+00 1.076413631439208984e+00 1.072646856307983398e+00 1.064475893974304199e+00 1.065074086189270020e+00 1.060818910598754883e+00 1.059045314788818359e+00 1.057641506195068359e+00 1.044966816902160645e+00 1.045086145401000977e+00 1.042209029197692871e+00 1.035081028938293457e+00 1.031015872955322266e+00 1.030797481536865234e+00 1.030442714691162109e+00 1.026114225387573242e+00 1.022678017616271973e+00 1.019322037696838379e+00 1.016191482543945312e+00 1.018628478050231934e+00 1.017772793769836426e+00
1.076334118843078613e+00 1.071764230728149414e+00 1.066033959388732910e+00 1.066076040267944336e+00 1.066903710365295410e+00 1.062242269515991211e+00 1.061765193939208984e+00 1.057819128036499023e+00 1.055853247642517090e+00 1.053478598594665527e+00 1.045551061630249023e+00 1.030435800552368164e+00 1.044306397438049316e+00 1.055380821228027344e+00 1.058089494705200195e+00 1.063405990600585938e+00 1.065549135208129883e+00 1.066126585006713867e+00 1.070095539093017578e+00 1.070723176002502441e+00 1.070961952209472656e+00 1.072348952293395996e+00 1.065271139144897461e+00 1.057372093200683594e+00 1.049392700195312500e+00 1.042100310325622559e+00 1.036247014999389648e+00 1.028108119964599609e+00 1.023990869522094727e+00 1.017822623252868652e+00 1.013051748275756836e+00 1.005000829696655273e+00 9.930243492126464844e-01 9.717306494712829590e-01 9.647471904754638672e-01 9.640223383903503418e-01 9.615358710289001465e-01 9.603488445281982422e-01 9.607146978378295898e-01 9.591013789176940918e-01 9.614356756210327148e-01 9.622935652732849121e-01 9.634320139884948730e-01 9.643043875694274902e-01 9.682340621948242188e-01 9.702957868576049805e-01 9.715748429298400879e-01 9.759520292282104492e-01 9.777068495750427246e-01 9.821121096611022949e-01 9.880519509315490723e-01 9.925135374069213867e-01 9.963621497154235840e-01 9.992896914482116699e-01 1.002344965934753418e+00 1.007395148277282715e+00 1.012288212776184082e+00 1.019005417823791504e+00 1.024868249893188477e+00 1.030994415283203125e+00 1.038169384002685547e+00 1.045850992202758789e+00 1.055495738983154297e+00 1.060557603836059570e+00 1.067920804023742676e+00 1.075981616973876953e+00 1.092621564865112305e+00 1.104559540748596191e+00 1.106932997703552246e+00 1.107694983482360840e+00 1.106447935104370117e+00 1.103427648544311523e+00 1.102260708808898926e+00 1.098625659942626953e+00 1.094648122787475586e+00 1.092797279357910156e+00 1.089816570281982422e+00 1.088116288185119629e+00 1.084472537040710449e+00 1.081234931945800781e+00 1.076727867126464844e+00 1.069069266319274902e+00 1.069648861885070801e+00 1.064309120178222656e+00 1.061618924140930176e+00 1.059633731842041016e+00 1.047723531723022461e+00 1.048278450965881348e+00 1.046159625053405762e+00 1.039630532264709473e+00 1.034369707107543945e+00 1.034708142280578613e+00 1.032286286354064941e+00 1.027716875076293945e+00 1.025649309158325195e+00 1.020447731018066406e+00 1.018417358398437500e+00 1.018752217292785645e+00 1.016478776931762695e+00
1.077435612678527832e+00 1.073301196098327637e+00 1.068095564842224121e+00 1.068328261375427246e+00 1.068629264831542969e+00 1.065657258033752441e+00 1.065048575401306152e+00 1.061312079429626465e+00 1.059474587440490723e+00 1.058205962181091309e+00 1.056389331817626953e+00 1.044306397438049316e+00 1.028696656227111816e+00 1.039586186408996582e+00 1.050619363784790039e+00 1.058966517448425293e+00 1.062423825263977051e+00 1.063066363334655762e+00 1.067189335823059082e+00 1.068565607070922852e+00 1.068917870521545410e+00 1.070600152015686035e+00 1.064088702201843262e+00 1.056207895278930664e+00 1.048570990562438965e+00 1.041856408119201660e+00 1.034939527511596680e+00 1.026100993156433105e+00 1.021709799766540527e+00 1.016016721725463867e+00 1.010596156120300293e+00 1.004338383674621582e+00 9.925400614738464355e-01 9.704874157905578613e-01 9.635943770408630371e-01 9.630618691444396973e-01 9.604118466377258301e-01 9.583477973937988281e-01 9.599251747131347656e-01 9.574558138847351074e-01 9.599277377128601074e-01 9.614638090133666992e-01 9.621484279632568359e-01 9.631941914558410645e-01 9.679744839668273926e-01 9.698548316955566406e-01 9.715542197227478027e-01 9.746289849281311035e-01 9.769420623779296875e-01 9.807894229888916016e-01 9.875240921974182129e-01 9.918736219406127930e-01 9.963141679763793945e-01 9.996853470802307129e-01 1.002658367156982422e+00 1.007089257240295410e+00 1.011273622512817383e+00 1.018022537231445312e+00 1.024622917175292969e+00 1.032144784927368164e+00 1.038170576095581055e+00 1.046109437942504883e+00 1.055836439132690430e+00 1.062391877174377441e+00 1.070264697074890137e+00 1.077563524246215820e+00 1.097513556480407715e+00 1.107322216033935547e+00 1.110562562942504883e+00 1.111387610435485840e+00 1.108012437820434570e+00 1.106104254722595215e+00 1.105867743492126465e+00 1.102705478668212891e+00 1.098619222640991211e+00 1.096633791923522949e+00 1.094408750534057617e+00 1.092544794082641602e+00 1.086797237396240234e+00 1.083707928657531738e+00 1.078888177871704102e+00 1.070219159126281738e+00 1.069886326789855957e+00 1.065407752990722656e+00 1.064230084419250488e+00 1.062852025032043457e+00 1.049612641334533691e+00 1.052703738212585449e+00 1.048390150070190430e+00 1.042599320411682129e+00 1.036474108695983887e+00 1.037193417549133301e+00 1.033443689346313477e+00 1.028607487678527832e+00 1.023835897445678711e+00 1.020239710807800293e+00 1.017041921615600586e+00 1.018420338630676270e+00 1.015014171600341797e+00
1.078689098358154297e+00 1.075740337371826172e+00 1.071117043495178223e+00 1.071799993515014648e+00 1.073227405548095703e+00 1.069491744041442871e+00 1.068946957588195801e+00 1.065860271453857422e+00 1.063839197158813477e+00 1.063146233558654785e+00 1.061622500419616699e+00 1.055380821228027344e+00 1.039586186408996582e+00 1.024719357490539551e+00 1.037534952163696289e+00 1.050472259521484375e+00 1.055543661117553711e+00 1.057158470153808594e+00 1.062034249305725098e+00 1.065084815025329590e+00 1.064906239509582520e+00 1.067803978919982910e+00 1.060819268226623535e+00 1.053220629692077637e+00 1.046680569648742676e+00 1.040989756584167480e+00 1.034990072250366211e+00 1.026013612747192383e+00 1.020480036735534668e+00 1.015662550926208496e+00 1.009950280189514160e+00 1.004314899444580078e+00 9.931554794311523438e-01 9.711444973945617676e-01 9.647062420845031738e-01 9.638864994049072266e-01 9.618099927902221680e-01 9.603299498558044434e-01 9.620001912117004395e-01 9.595757126808166504e-01 9.619888663291931152e-01 9.631525278091430664e-01 9.645592570304870605e-01 9.656593203544616699e-01 9.710501432418823242e-01 9.721274971961975098e-01 9.740072488784790039e-01 9.769403934478759766e-01 9.800513982772827148e-01 9.835556745529174805e-01 9.895831942558288574e-01 9.936751127243041992e-01 9.976269006729125977e-01 1.001803755760192871e+00 1.005202770233154297e+00 1.009134531021118164e+00 1.014482975006103516e+00 1.021438837051391602e+00 1.027850389480590820e+00 1.035211324691772461e+00 1.040691614151000977e+00 1.048491120338439941e+00 1.059285998344421387e+00 1.067937135696411133e+00 1.074668884277343750e+00 1.082078933715820312e+00 1.102360606193542480e+00 1.111001133918762207e+00 1.113942623138427734e+00 1.114749312400817871e+00 1.112730979919433594e+00 1.112215757369995117e+00 1.112177371978759766e+00 1.108025670051574707e+00 1.104211568832397461e+00 1.101629376411437988e+00 1.098876237869262695e+00 1.096482992172241211e+00 1.090956449508666992e+00 1.086544513702392578e+00 1.081376314163208008e+00 1.072821021080017090e+00 1.072963237762451172e+00 1.068972468376159668e+00 1.067832946777343750e+00 1.065949916839599609e+00 1.052247405052185059e+00 1.051284909248352051e+00 1.050333738327026367e+00 1.045451760292053223e+00 1.040743231773376465e+00 1.040362119674682617e+00 1.037254810333251953e+00 1.031341195106506348e+00 1.025376796722412109e+00 1.020717263221740723e+00 1.018896341323852539e+00 1.020600914955139160e+00 1.016248583793640137e+00
1.081172585487365723e+00 1.077499508857727051e+00 1.073812007904052734e+00 1.075482368469238281e+00 1.075465798377990723e+00 1.071936368942260742e+00 1.071707487106323242e+00 1.069619894027709961e+00 1.066581249237060547e+00 1.064695239067077637e+00 1.062110185623168945e+00 1.058089494705200195e+00 1.050619363784790039e+00 1.037534952163696289e+00 1.026179075241088867e+00 1.037205696105957031e+00 1.048124551773071289e+00 1.053994417190551758e+00 1.060181260108947754e+00 1.063830733299255371e+00 1.065012216567993164e+00 1.066061496734619141e+00 1.058263182640075684e+00 1.051832437515258789e+00 1.045851230621337891e+00 1.040220260620117188e+00 1.034551858901977539e+00 1.025969624519348145e+00 1.018740415573120117e+00 1.013688683509826660e+00 1.009533762931823730e+00 1.003487110137939453e+00 9.926732182502746582e-01 9.720429778099060059e-01 9.668931365013122559e-01 9.667840600013732910e-01 9.655411839485168457e-01 9.645128250122070312e-01 9.641822576522827148e-01 9.633576869964599609e-01 9.650853276252746582e-01 9.674835205078125000e-01 9.686748981475830078e-01 9.695978164672851562e-01 9.749078154563903809e-01 9.761134386062622070e-01 9.789266586303710938e-01 9.813621640205383301e-01 9.837110042572021484e-01 9.883434176445007324e-01 9.930508732795715332e-01 9.968788623809814453e-01 1.001961469650268555e+00 1.005331397056579590e+00 1.008947372436523438e+00 1.014486908912658691e+00 1.017623782157897949e+00 1.025099873542785645e+00 1.032448768615722656e+00 1.038491010665893555e+00 1.045939683914184570e+00 1.054523587226867676e+00 1.064889073371887207e+00 1.073107361793518066e+00 1.080229282379150391e+00 1.087697625160217285e+00 1.106375455856323242e+00 1.116205215454101562e+00 1.117175459861755371e+00 1.118045091629028320e+00 1.117654085159301758e+00 1.118714690208435059e+00 1.117765188217163086e+00 1.113173246383666992e+00 1.109254837036132812e+00 1.105864524841308594e+00 1.103645086288452148e+00 1.102132201194763184e+00 1.096460342407226562e+00 1.090240359306335449e+00 1.086505532264709473e+00 1.079033970832824707e+00 1.078754186630249023e+00 1.072733521461486816e+00 1.069613218307495117e+00 1.069777965545654297e+00 1.054339528083801270e+00 1.052595376968383789e+00 1.052567362785339355e+00 1.047099590301513672e+00 1.043842554092407227e+00 1.043243288993835449e+00 1.040722012519836426e+00 1.034287810325622559e+00 1.028379797935485840e+00 1.023490309715270996e+00 1.022801160812377930e+00 1.022220969200134277e+00 1.018165349960327148e+00
1.083257317543029785e+00 1.079604268074035645e+00 1.076211810111999512e+00 1.078016161918640137e+00 1.078827381134033203e+00 1.076168179512023926e+00 1.075551748275756836e+00 1.072859883308410645e+00 1.069815039634704590e+00 1.068700909614562988e+00 1.066849589347839355e+00 1.063405990600585938e+00 1.058966517448425293e+00 1.050472259521484375e+00 1.037205696105957031e+00 1.023415327072143555e+00 1.039797782897949219e+00 1.055380225181579590e+00 1.063083171844482422e+00 1.067080020904541016e+00 1.067050337791442871e+00 1.067579627037048340e+00 1.059816241264343262e+00 1.052681207656860352e+00 1.046913266181945801e+00 1.042653083801269531e+00 1.036674737930297852e+00 1.028255343437194824e+00 1.021239280700683594e+00 1.014943838119506836e+00 1.010993003845214844e+00 1.006154179573059082e+00 9.951305389404296875e-01 9.747995734214782715e-01 9.702674150466918945e-01 9.721301198005676270e-01 9.711304306983947754e-01 9.700127840042114258e-01 9.705449342727661133e-01 9.692890048027038574e-01 9.702897071838378906e-01 9.735990166664123535e-01 9.752674102783203125e-01 9.757710695266723633e-01 9.811884164810180664e-01 9.826341867446899414e-01 9.851790666580200195e-01 9.882962107658386230e-01 9.914214015007019043e-01 9.963581562042236328e-01 1.000649929046630859e+00 1.003591299057006836e+00 1.008932113647460938e+00 1.013451337814331055e+00 1.016535162925720215e+00 1.021065473556518555e+00 1.025061488151550293e+00 1.031741857528686523e+00 1.038872003555297852e+00 1.045934557914733887e+00 1.053600788116455078e+00 1.062245488166809082e+00 1.072440028190612793e+00 1.079925179481506348e+00 1.088015317916870117e+00 1.097228646278381348e+00 1.115772843360900879e+00 1.124971866607666016e+00 1.125147819519042969e+00 1.125468254089355469e+00 1.124462127685546875e+00 1.124629020690917969e+00 1.123617291450500488e+00 1.120120406150817871e+00 1.116021990776062012e+00 1.112448215484619141e+00 1.108577013015747070e+00 1.107728958129882812e+00 1.103376865386962891e+00 1.098904013633728027e+00 1.093266725540161133e+00 1.085745930671691895e+00 1.083806991577148438e+00 1.079056739807128906e+00 1.076236963272094727e+00 1.075790405273437500e+00 1.061212182044982910e+00 1.058874726295471191e+00 1.058293342590332031e+00 1.053628325462341309e+00 1.048155069351196289e+00 1.048608183860778809e+00 1.048053979873657227e+00 1.039661765098571777e+00 1.034595012664794922e+00 1.030268549919128418e+00 1.028127074241638184e+00 1.027367115020751953e+00 1.024007916450500488e+00
